0   0
0.999992   0.00399254
0.0450476   0.0186593

0   0
0.999968   0.00798502
0.0666426   0.0276041

0   0
0.999928   0.0119774
0.085266   0.0353179

0   0
0.999872   0.0159695
0.102129   0.0423025

0   0
0.999801   0.0199614
0.117779   0.0487846

0   0
0.999713   0.023953
0.132522   0.0548908

0   0
0.999609   0.0279442
0.146551   0.0607011

0   0
0.99949   0.031935
0.159997   0.0662699

0   0
0.999354   0.0359252
0.172955   0.0716363

0   0
0.999203   0.0399149
0.185495   0.0768297

0   0
0.999036   0.0439039
0.197673   0.0818728

0   0
0.998853   0.0478923
0.209531   0.0867835

0   0
0.998653   0.0518798
0.221106   0.0915765

0   0
0.998438   0.0558666
0.232425   0.0962638

0   0
0.998207   0.0598525
0.243515   0.100856

0   0
0.99796   0.0638374
0.254394   0.10536

0   0
0.997697   0.0678212
0.265081   0.109785

0   0
0.997419   0.0718041
0.275591   0.114136

0   0
0.997124   0.0757857
0.285938   0.11842

0   0
0.996814   0.0797662
0.296132   0.12264

0   0
0.996487   0.0837454
0.306185   0.126801

0   0
0.996145   0.0877232
0.316105   0.130907

0   0
0.995787   0.0916996
0.325901   0.134962

0   0
0.995413   0.0956746
0.33558   0.138968

0   0
0.995023   0.0996481
0.345149   0.142928

0   0
0.994617   0.10362
0.354614   0.146845

0   0
0.994195   0.10759
0.36398   0.150721

0   0
0.993758   0.111559
0.373252   0.154558

0   0
0.993305   0.115525
0.382436   0.158357

0   0
0.992835   0.11949
0.391535   0.162122

0   0
0.99235   0.123453
0.400553   0.165853

0   0
0.99185   0.127414
0.409495   0.169551

0   0
0.991333   0.131373
0.418362   0.173219

0   0
0.990801   0.13533
0.427159   0.176857

0   0
0.990252   0.139285
0.435889   0.180467

0   0
0.989688   0.143237
0.444553   0.18405

0   0
0.989109   0.147188
0.453155   0.187607

0   0
0.988513   0.151136
0.461697   0.191138

0   0
0.987902   0.155081
0.470182   0.194646

0   0
0.987275   0.159024
0.47861   0.19813

0   0
0.986632   0.162964
0.486985   0.201591

0   0
0.985973   0.166902
0.495309   0.20503

0   0
0.985299   0.170838
0.503582   0.208449

0   0
0.984609   0.17477
0.511807   0.211847

0   0
0.983904   0.1787
0.519986   0.215225

0   0
0.983182   0.182627
0.528119   0.218584

0   0
0.982445   0.186551
0.536209   0.221925

0   0
0.981693   0.190471
0.544256   0.225248

0   0
0.980924   0.194389
0.552262   0.228553

0   0
0.980141   0.198304
0.560228   0.231841

0   0
0.979341   0.202216
0.568156   0.235113

0   0
0.978526   0.206124
0.576046   0.238368

0   0
0.977695   0.21003
0.5839   0.241608

0   0
0.976849   0.213931
0.591719   0.244833

0   0
0.975987   0.21783
0.599504   0.248043

0   0
0.975109   0.221725
0.607255   0.251238

0   0
0.974216   0.225616
0.614973   0.25442

0   0
0.973308   0.229504
0.622661   0.257587

0   0
0.972384   0.233388
0.630317   0.260742

0   0
0.971444   0.237268
0.637944   0.263883

0   0
0.970489   0.241145
0.645543   0.267011

0   0
0.969519   0.245018
0.653113   0.270127

0   0
0.968533   0.248887
0.660656   0.27323

0   0
0.967531   0.252752
0.668172   0.276322

0   0
0.966514   0.256613
0.675662   0.279402

0   0
0.965482   0.260469
0.683128   0.28247

0   0
0.964434   0.264322
0.690569   0.285528

0   0
0.963371   0.26817
0.697987   0.288574

0   0
0.962293   0.272015
0.705382   0.291609

0   0
0.961199   0.275854
0.712754   0.294634

0   0
0.96009   0.27969
0.720106   0.297649

0   0
0.958966   0.283521
0.727436   0.300653

0   0
0.957826   0.287347
0.734747   0.303647

0   0
0.956672   0.291169
0.742039   0.306632

0   0
0.955501   0.294986
0.749312   0.309607

0   0
0.954316   0.298799
0.756567   0.312572

0   0
0.953116   0.302607
0.763805   0.315528

0   0
0.9519   0.30641
0.771028   0.318475

0   0
0.950669   0.310208
0.778236   0.321413

0   0
0.949423   0.314001
0.785429   0.324342

0   0
0.948162   0.317789
0.792609   0.327262

0   0
0.946885   0.321572
0.799778   0.330173

0   0
0.945594   0.32535
0.806936   0.333076

0   0
0.944287   0.329123
0.814085   0.33597

0   0
0.942966   0.33289
0.821226   0.338856

0   0
0.941629   0.336652
0.828362   0.341734

0   0
0.940277   0.340409
0.835495   0.344603

0   0
0.938911   0.34416
0.842628   0.347465

0   0
0.937529   0.347906
0.849765   0.350318

0   0
0.936133   0.351647
0.856909   0.353164

0   0
0.934721   0.355381
0.864067   0.356002

0   0
0.933295   0.35911
0.871248   0.358833

0   0
0.931854   0.362834
0.878463   0.361658

0   0
0.930398   0.366551
0.885731   0.364477

0   0
0.928927   0.370263
0.893082   0.367295

0   0
0.927441   0.373969
0.900571   0.37012

0   0
0.925941   0.377669
0.90832   0.372982

0   0
0.924426   0.381363
0.91668   0.376043

0   0
0.922896   0.38505
0.923348   0.379565

0   0
0.921351   0.388732
0.92633   0.387301

0   0
0.919791   0.392407
0.923421   0.396847

0   0
0.918217   0.396077
0.916758   0.402436

0   0
0.916629   0.39974
0.910868   0.403662

0   0
0.915025   0.403396
0.908173   0.402646

0   0
0.913408   0.407046
0.909393   0.402137

0   0
0.911775   0.41069
0.91331   0.405285

0   0
0.910128   0.414327
0.915488   0.413607

0   0
0.908467   0.417957
0.911976   0.42285

0   0
0.906791   0.421581
0.905265   0.428222

0   0
0.9051   0.425198
0.899283   0.429574

0   0
0.903396   0.428808
0.89614   0.42872

0   0
0.901676   0.432412
0.896585   0.427959

0   0
0.899943   0.436008
0.899964   0.429988

0   0
0.898195   0.439598
0.903072   0.436899

0   0
0.896433   0.44318
0.901404   0.446449

0   0
0.894656   0.446756
0.895366   0.453484

0   0
0.892865   0.450324
0.888671   0.456445

0   0
0.89106   0.453885
0.88386   0.456484

0   0
0.889241   0.457439
0.882105   0.455411

0   0
0.887407   0.460986
0.883625   0.45535

0   0
0.88556   0.464525
0.88722   0.45871

0   0
0.883698   0.468057
0.889298   0.466634

0   0
0.881822   0.471582
0.886406   0.475905

0   0
0.879933   0.475099
0.879996   0.482227

0   0
0.878029   0.478608
0.873372   0.48481

0   0
0.876111   0.48211
0.8686   0.484792

0   0
0.874179   0.485604
0.866657   0.483755

0   0
0.872233   0.48909
0.867762   0.483531

0   0
0.870274   0.492569
0.871039   0.486245

0   0
0.8683   0.496039
0.87359   0.493307

0   0
0.866313   0.499502
0.871806   0.50261

0   0
0.864311   0.502957
0.865974   0.509885

0   0
0.862296   0.506404
0.859087   0.513578

0   0
0.860268   0.509843
0.853381   0.514389

0   0
0.858225   0.513273
0.850011   0.513617

0   0
0.856169   0.516695
0.849463   0.512748

0   0
0.854099   0.52011
0.851555   0.513533

0   0
0.852016   0.523516
0.854831   0.517834

0   0
0.849919   0.526913
0.856022   0.526016

0   0
0.847809   0.530302
0.852667   0.534956

0   0
0.845685   0.533683
0.846227   0.541232

0   0
0.843547   0.537055
0.8394   0.544188

0   0
0.841396   0.540419
0.833931   0.544658

0   0
0.839232   0.543774
0.830721   0.543816

0   0
0.837054   0.54712
0.830148   0.542981

0   0
0.834863   0.550458
0.832039   0.54371

0   0
0.832659   0.553786
0.835133   0.547689

0   0
0.830441   0.557106
0.836543   0.555441

0   0
0.82821   0.560418
0.833722   0.564399

0   0
0.825966   0.56372
0.827571   0.571183

0   0
0.823709   0.567013
0.820589   0.574795

0   0
0.821438   0.570297
0.814553   0.575826

0   0
0.819155   0.573572
0.810425   0.575278

0   0
0.816858   0.576838
0.808679   0.574265

0   0
0.814549   0.580095
0.809389   0.574069

0   0
0.812226   0.583342
0.811967   0.576208

0   0
0.809891   0.586581
0.814527   0.581943

0   0
0.807542   0.589809
0.814121   0.590547

0   0
0.805181   0.593029
0.809635   0.598812

0   0
0.802807   0.596239
0.802871   0.604388

0   0
0.80042   0.599439
0.795974   0.607067

0   0
0.79802   0.60263
0.790275   0.607568

0   0
0.795608   0.605812
0.786492   0.606815

0   0
0.793183   0.608983
0.784979   0.605817

0   0
0.790745   0.612145
0.785749   0.605744

0   0
0.788295   0.615297
0.788201   0.607979

0   0
0.785832   0.61844
0.790563   0.613645

0   0
0.783357   0.621572
0.790114   0.622064

0   0
0.780869   0.624695
0.78575   0.630298

0   0
0.778368   0.627808
0.779043   0.63607

0   0
0.775856   0.63091
0.772002   0.639056

0   0
0.773331   0.634003
0.765926   0.639858

0   0
0.770793   0.637085
0.761534   0.639286

0   0
0.768243   0.640158
0.75921   0.638217

0   0
0.765681   0.64322
0.759072   0.637642

0   0
0.763107   0.646272
0.760829   0.63875

0   0
0.760521   0.649313
0.763354   0.642779

0   0
0.757922   0.652345
0.764356   0.650046

0   0
0.755312   0.655366
0.761756   0.658619

0   0
0.752689   0.658376
0.755943   0.665715

0   0
0.750055   0.661376
0.74882   0.670153

0   0
0.747408   0.664365
0.741963   0.672137

0   0
0.74475   0.667344
0.736306   0.672328

0   0
0.742079   0.670312
0.73237   0.671476

0   0
0.739397   0.673269
0.730434   0.670383

0   0
0.736703   0.676216
0.730543   0.669976

0   0
0.733998   0.679152
0.732337   0.671367

0   0
0.73128   0.682077
0.73464   0.675658

0   0
0.728551   0.684991
0.735253   0.68297

0   0
0.72581   0.687895
0.732363   0.691364

0   0
0.723058   0.690787
0.726445   0.698288

0   0
0.720294   0.693668
0.719265   0.702685

0   0
0.717519   0.696539
0.712281   0.704732

0   0
0.714733   0.699398
0.706366   0.705023

0   0
0.711934   0.702246
0.70202   0.704227

0   0
0.709125   0.705083
0.699524   0.703055

0   0
0.706304   0.707908
0.698974   0.702309

0   0
0.703472   0.710723
0.700173   0.702958

0   0
0.700629   0.713526
0.702326   0.706072

0   0
0.697775   0.716317
0.703678   0.712232

0   0
0.694909   0.719097
0.702137   0.720358

0   0
0.692033   0.721866
0.697236   0.727984

0   0
0.689145   0.724623
0.690352   0.733447

0   0
0.686247   0.727369
0.683057   0.736506

0   0
0.683337   0.730103
0.676396   0.737586

0   0
0.680417   0.732825
0.670979   0.737273

0   0
0.677485   0.735536
0.667166   0.736184

0   0
0.674543   0.738235
0.665152   0.73498

0   0
0.671591   0.740923
0.664964   0.734429

0   0
0.668627   0.743598
0.666318   0.73546

0   0
0.665653   0.746262
0.668305   0.739036

0   0
0.662668   0.748913
0.669137   0.745491

0   0
0.659673   0.751553
0.666978   0.753515

0   0
0.656667   0.754181
0.66169   0.760786

0   0
0.653651   0.756797
0.654655   0.76592

0   0
0.650624   0.7594
0.647295   0.768776

0   0
0.647587   0.761992
0.640548   0.769761

0   0
0.644539   0.764571
0.634967   0.76941

0   0
0.641481   0.767139
0.630881   0.768281

0   0
0.638414   0.769694
0.628484   0.766963

0   0
0.635335   0.772236
0.62783   0.766137

0   0
0.632247   0.774767
0.628733   0.766626

0   0
0.629149   0.777285
0.630523   0.769347

0   0
0.62604   0.779791
0.631735   0.774865

0   0
0.622922   0.782284
0.630493   0.78245

0   0
0.619794   0.784765
0.626061   0.790019

0   0
0.616656   0.787233
0.619412   0.795849

0   0
0.613508   0.789689
0.611973   0.799458

0   0
0.61035   0.792132
0.60479   0.80109

0   0
0.607183   0.794562
0.598502   0.80121

0   0
0.604005   0.79698
0.59349   0.800321

0   0
0.600819   0.799385
0.589992   0.798936

0   0
0.597622   0.801778
0.588134   0.797617

0   0
0.594416   0.804157
0.587906   0.797031

0   0
0.591201   0.806524
0.589024   0.797982

0   0
0.587976   0.808878
0.590668   0.801298

0   0
0.584742   0.811219
0.591279   0.807277

0   0
0.581499   0.813547
0.589204   0.814851

0   0
0.578246   0.815863
0.584145   0.821984

0   0
0.574984   0.818165
0.577205   0.827285

0   0
0.571713   0.820454
0.569681   0.830467

0   0
0.568432   0.82273
0.562483   0.831808

0   0
0.565143   0.824993
0.556165   0.831744

0   0
0.561845   0.827243
0.551065   0.830733

0   0
0.558537   0.829479
0.547399   0.829242

0   0
0.555221   0.831703
0.545288   0.82778

0   0
0.551896   0.833913
0.544738   0.826947

0   0
0.548562   0.83611
0.545535   0.827471

0   0
0.54522   0.838293
0.547016   0.830144

0   0
0.541869   0.840463
0.547846   0.835406

0   0
0.538509   0.84262
0.546373   0.842564

0   0
0.53514   0.844763
0.541931   0.849785

0   0
0.531763   0.846893
0.535321   0.855496

0   0
0.528378   0.849009
0.527799   0.859176

0   0
0.524984   0.851112
0.520336   0.860977

0   0
0.521582   0.853201
0.513541   0.861276

0   0
0.518171   0.855277
0.507788   0.86049

0   0
0.514752   0.857339
0.503314   0.85904

0   0
0.511325   0.859387
0.500272   0.857365

0   0
0.50789   0.861422
0.498731   0.855966

0   0
0.504446   0.863443
0.498631   0.855444

0   0
0.500995   0.86545
0.499643   0.85652

0   0
0.497536   0.867443
0.500932   0.859887

0   0
0.494069   0.869423
0.501052   0.865685

0   0
0.490593   0.871389
0.498594   0.872845

0   0
0.48711   0.87334
0.493372   0.879555

0   0
0.48362   0.875278
0.486369   0.884595

0   0
0.480121   0.877202
0.478732   0.887683

0   0
0.476615   0.879112
0.471283   0.889033

0   0
0.473101   0.881008
0.464535   0.889009

0   0
0.46958   0.88289
0.45881   0.887996

0   0
0.466052   0.884758
0.454315   0.886379

0   0
0.462515   0.886611
0.451186   0.884562

0   0
0.458972   0.888451
0.449489   0.883001

0   0
0.455421   0.890276
0.449178   0.882251

0   0
0.451863   0.892087
0.449971   0.882978

0   0
0.448298   0.893884
0.451148   0.885851

0   0
0.444725   0.895667
0.451405   0.89111

0   0
0.441146   0.897436
0.449328   0.897929

0   0
0.437559   0.89919
0.444505   0.904621

0   0
0.433966   0.900929
0.437727   0.909864

0   0
0.430365   0.902655
0.4301   0.913234

0   0
0.426758   0.904366
0.422476   0.914861

0   0
0.423144   0.906063
0.415398   0.915065

0   0
0.419523   0.907745
0.409205   0.9142

0   0
0.415895   0.909413
0.404118   0.912618

0   0
0.412261   0.911066
0.400287   0.910678

0   0
0.40862   0.912704
0.397803   0.908774

0   0
0.404973   0.914329
0.396685   0.907369

0   0
0.401319   0.915938
0.396807   0.90703

0   0
0.397659   0.917533
0.397753   0.908409

0   0
0.393993   0.919114
0.398611   0.912044

0   0
0.39032   0.920679
0.398003   0.91782

0   0
0.386641   0.92223
0.394832   0.924546

0   0
0.382956   0.923767
0.389172   0.93062

0   0
0.379265   0.925288
0.381973   0.93508

0   0
0.375567   0.926795
0.374228   0.937741

0   0
0.371864   0.928287
0.366644   0.938801

0   0
0.368155   0.929764
0.359666   0.938575

0   0
0.36444   0.931227
0.35358   0.93739

0   0
0.360719   0.932675
0.348572   0.93557

0   0
0.356992   0.934107
0.344774   0.933445

0   0
0.35326   0.935525
0.342269   0.931382

0   0
0.349522   0.936928
0.34107   0.929812

0   0
0.345779   0.938316
0.341062   0.929266

0   0
0.34203   0.939689
0.341866   0.930357

0   0
0.338275   0.941047
0.342649   0.933609

0   0
0.334515   0.94239
0.342119   0.938979

0   0
0.33075   0.943718
0.339168   0.945425

0   0
0.32698   0.945031
0.333736   0.951409

0   0
0.323204   0.946329
0.326665   0.955917

0   0
0.319423   0.947612
0.31892   0.958687

0   0
0.315637   0.94888
0.311213   0.959867

0   0
0.311846   0.950133
0.304003   0.95974

0   0
0.30805   0.95137
0.29758   0.95861

0   0
0.30425   0.952592
0.29214   0.956776

0   0
0.300444   0.9538
0.287816   0.954539

0   0
0.296633   0.954991
0.284703   0.952218

0   0
0.292818   0.956168
0.282847   0.950184

0   0
0.288998   0.95733
0.282207   0.948886

0   0
0.285174   0.958476
0.28257   0.948871

0   0
0.281345   0.959607
0.28339   0.950716

0   0
0.277511   0.960722
0.283649   0.954739

0   0
0.273673   0.961823
0.282077   0.96049

0   0
0.269831   0.962908
0.277987   0.966653

0   0
0.265984   0.963977
0.271759   0.971882

0   0
0.262134   0.965032
0.264312   0.975522

0   0
0.258279   0.96607
0.256486   0.97751

0   0
0.254419   0.967094
0.248857   0.97805

0   0
0.250556   0.968102
0.241795   0.97742

0   0
0.246689   0.969095
0.235539   0.9759

0   0
0.242818   0.970072
0.230252   0.973767

0   0
0.238943   0.971034
0.226052   0.971297

0   0
0.235064   0.97198
0.223019   0.968791

0   0
0.231182   0.972911
0.221192   0.966597

0   0
0.227295   0.973826
0.220528   0.965144

0   0
0.223406   0.974726
0.220818   0.964948

0   0
0.219512   0.97561
0.221543   0.966556

0   0
0.215615   0.976478
0.221737   0.970276

0   0
0.211715   0.977331
0.220189   0.975703

0   0
0.207811   0.978169
0.216204   0.981606

0   0
0.203904   0.978991
0.21009   0.98668

0   0
0.199994   0.979797
0.202711   0.990248

0   0
0.19608   0.980588
0.19488   0.992211

0   0
0.192164   0.981363
0.187169   0.992745

0   0
0.188244   0.982122
0.179948   0.992105

0   0
0.184321   0.982866
0.173456   0.990555

0   0
0.180396   0.983594
0.167857   0.98835

0   0
0.176467   0.984306
0.163268   0.985743

0   0
0.172536   0.985003
0.159775   0.983002

0   0
0.168602   0.985684
0.157432   0.980432

0   0
0.164665   0.986349
0.156237   0.978399

0   0
0.160726   0.986999
0.156076   0.977355

0   0
0.156784   0.987633
0.156611   0.977821

0   0
0.15284   0.988251
0.157134   0.980249

0   0
0.148893   0.988853
0.156543   0.984643

0   0
0.144944   0.98944
0.153817   0.990191

0   0
0.140992   0.990011
0.148751   0.995564

0   0
0.137038   0.990566
0.141968   0.999757

0   0
0.133082   0.991105
0.134316   1.0024

0   0
0.129124   0.991628
0.126473   1.00355

0   0
0.125164   0.992136
0.118893   1.00341

0   0
0.121202   0.992628
0.111869   1.00223

0   0
0.117238   0.993104
0.105595   1.00024

0   0
0.113272   0.993564
0.100209   0.997694

0   0
0.109304   0.994008
0.0958117   0.994815

0   0
0.105335   0.994437
0.0924778   0.991859

0   0
0.101364   0.994849
0.0902521   0.989114

0   0
0.0973908   0.995246
0.0891253   0.986934

0   0
0.0934164   0.995627
0.0889778   0.985751

0   0
0.0894406   0.995992
0.0894738   0.986064

0   0
0.0854633   0.996341
0.0899183   0.988292

0   0
0.0814847   0.996675
0.0892528   0.992425

0   0
0.0775048   0.996992
0.0865065   0.997675

0   0
0.0735237   0.997293
0.0814789   1.00277

0   0
0.0695414   0.997579
0.0747578   1.00675

0   0
0.0655579   0.997849
0.0671521   1.00923

0   0
0.0615735   0.998103
0.0593168   1.01026

0   0
0.057588   0.99834
0.0516951   1.01002

0   0
0.0536016   0.998562
0.0445749   1.00874

0   0
0.0496144   0.998768
0.0381468   1.00665

0   0
0.0456264   0.998959
0.0325448   1.00398

0   0
0.0416376   0.999133
0.0278687   1.00093

0   0
0.0376482   0.999291
0.0241949   0.997738

0   0
0.0336582   0.999433
0.0215761   0.994654

0   0
0.0296677   0.99956
0.0200264   0.991986

0   0
0.0256767   0.99967
0.0194838   0.99011

0   0
0.0216852   0.999765
0.0197308   0.989483

0   0
0.0176935   0.999843
0.0202682   0.990565

0   0
0.0137014   0.999906
0.0202181   0.993586

0   0
0.00970912   0.999953
0.0185247   0.998151

0   0
0.0057167   0.999984
0.0145861   1.00318

0   0
0.00172418   0.999999
0.00864776   1.00751

0   0
-0.00226837   0.999997
0.00144497   1.01052

0   0
-0.00626088   0.99998
-0.00629981   1.01207

0   0
-0.0102533   0.999947
-0.0140608   1.01229

0   0
-0.0142455   0.999899
-0.0214913   1.01137

0   0
-0.0182376   0.999834
-0.0283645   1.00953

0   0
-0.0222293   0.999753
-0.034526   1.00699

0   0
-0.0262207   0.999656
-0.039864   1.00395

0   0
-0.0302116   0.999544
-0.0442927   1.0006

0   0
-0.0342021   0.999415
-0.0477455   0.99717

0   0
-0.038192   0.99927
-0.0501777   0.993892

0   0
-0.0421814   0.99911
-0.0515829   0.991068

0   0
-0.04617   0.998934
-0.0520318   0.989063

0   0
-0.0501579   0.998741
-0.0517509   0.988316

0   0
-0.054145   0.998533
-0.0512441   0.989261

0   0
-0.0581313   0.998309
-0.0513746   0.992093

0   0
-0.0621166   0.998069
-0.0531511   0.996394

0   0
-0.0661009   0.997813
-0.0571227   1.00111

0   0
-0.0700842   0.997541
-0.0630341   1.00513

0   0
-0.0740664   0.997253
-0.0701782   1.00788

0   0
-0.0780474   0.99695
-0.0778645   1.0092

0   0
-0.0820271   0.99663
-0.0855883   1.00923

0   0
-0.0860055   0.996295
-0.0930157   1.00815

0   0
-0.0899826   0.995943
-0.0999273   1.00616

0   0
-0.0939582   0.995576
-0.106174   1.00347

0   0
-0.0979324   0.995193
-0.111647   1.00026

0   0
-0.101905   0.994794
-0.116263   0.996716

0   0
-0.105876   0.994379
-0.119957   0.993034

0   0
-0.109845   0.993949
-0.122678   0.989431

0   0
-0.113813   0.993502
-0.124407   0.986167

0   0
-0.117778   0.99304
-0.125176   0.983564

0   0
-0.121742   0.992562
-0.125131   0.982013

0   0
-0.125704   0.992068
-0.124632   0.981949

0   0
-0.129664   0.991558
-0.124364   0.983696

0   0
-0.133622   0.991032
-0.12529   0.987142

0   0
-0.137577   0.990491
-0.128214   0.991505

0   0
-0.141531   0.989934
-0.133233   0.995656

0   0
-0.145482   0.989361
-0.139806   0.998768

0   0
-0.149431   0.988772
-0.147222   1.00053

0   0
-0.153377   0.988168
-0.154908   1.00095

0   0
-0.157322   0.987547
-0.162467   1.00019

0   0
-0.161263   0.986911
-0.169641   0.998452

0   0
-0.165202   0.98626
-0.176256   0.995919

0   0
-0.169138   0.985592
-0.182192   0.992773

0   0
-0.173072   0.984909
-0.187357   0.989185

0   0
-0.177003   0.98421
-0.191679   0.985329

0   0
-0.180931   0.983496
-0.195101   0.98139

0   0
-0.184856   0.982766
-0.19758   0.977578

0   0
-0.188779   0.98202
-0.199103   0.974145

0   0
-0.192698   0.981258
-0.199711   0.971405

0   0
-0.196614   0.980481
-0.199561   0.969739

0   0
-0.200527   0.979688
-0.199024   0.969563

0   0
-0.204437   0.97888
-0.198789   0.971166

0   0
-0.208343   0.978056
-0.199791   0.974395

0   0
-0.212247   0.977216
-0.202774   0.978457

0   0
-0.216147   0.976361
-0.207791   0.982268

0   0
-0.220043   0.97549
-0.214303   0.985051

0   0
-0.223936   0.974604
-0.22163   0.986516

0   0
-0.227825   0.973702
-0.229223   0.986684

0   0
-0.231711   0.972785
-0.236706   0.985707

0   0
-0.235593   0.971852
-0.24383   0.983768

0   0
-0.239471   0.970903
-0.250429   0.981049

0   0
-0.243346   0.96994
-0.256387   0.977717

0   0
-0.247216   0.96896
-0.261617   0.973936

0   0
-0.251083   0.967966
-0.26605   0.969863

0   0
-0.254946   0.966955
-0.269629   0.965668

0   0
-0.258804   0.96593
-0.27231   0.961538

0   0
-0.262659   0.964889
-0.274069   0.957695

0   0
-0.266509   0.963832
-0.274921   0.954414

0   0
-0.270355   0.962761
-0.274968   0.952036

0   0
-0.274197   0.961674
-0.27447   0.950955

0   0
-0.278034   0.960571
-0.273958   0.951527

0   0
-0.281867   0.959453
-0.274265   0.953824

0   0
-0.285695   0.95832
-0.276259   0.957338

0   0
-0.289519   0.957172
-0.280314   0.961069

0   0
-0.293338   0.956009
-0.286113   0.964083

0   0
-0.297153   0.95483
-0.293015   0.965896

0   0
-0.300963   0.953636
-0.300417   0.966414

0   0
-0.304768   0.952427
-0.307881   0.965738

0   0
-0.308568   0.951202
-0.315116   0.964035

0   0
-0.312363   0.949963
-0.321928   0.96148

0   0
-0.316154   0.948708
-0.328185   0.95824

0   0
-0.319939   0.947438
-0.333793   0.954469

0   0
-0.323719   0.946153
-0.338676   0.950316

0   0
-0.327494   0.944853
-0.342776   0.945931

0   0
-0.331264   0.943538
-0.346043   0.941473

0   0
-0.335028   0.942208
-0.348436   0.937122

0   0
-0.338787   0.940863
-0.349939   0.933097

0   0
-0.342541   0.939503
-0.350574   0.929667

0   0
-0.346289   0.938128
-0.350452   0.927164

0   0
-0.350032   0.936738
-0.349846   0.925968

0   0
-0.353769   0.935333
-0.349295   0.926409

0   0
-0.357501   0.933913
-0.349621   0.928519

0   0
-0.361227   0.932478
-0.351646   0.931764

0   0
-0.364947   0.931028
-0.355687   0.935162

0   0
-0.368661   0.929564
-0.361411   0.937829

0   0
-0.372369   0.928085
-0.368192   0.939318

0   0
-0.376072   0.926591
-0.375455   0.939546

0   0
-0.379768   0.925082
-0.382783   0.938615

0   0
-0.383459   0.923558
-0.389897   0.936683

0   0
-0.387143   0.92202
-0.396612   0.933919

0   0
-0.390821   0.920467
-0.402802   0.930479

0   0
-0.394493   0.918899
-0.408376   0.926511

0   0
-0.398158   0.917317
-0.413264   0.922153

0   0
-0.401818   0.91572
-0.417408   0.917543

0   0
-0.405471   0.914108
-0.420761   0.912827

0   0
-0.409117   0.912482
-0.423281   0.908166

0   0
-0.412757   0.910841
-0.424945   0.903754

0   0
-0.41639   0.909186
-0.425757   0.899825

0   0
-0.420017   0.907516
-0.425784   0.896673

0   0
-0.423637   0.905832
-0.425215   0.894651

0   0
-0.42725   0.904134
-0.424455   0.894115

0   0
-0.430856   0.902421
-0.424194   0.895253

0   0
-0.434456   0.900693
-0.425285   0.8978

0   0
-0.438048   0.898951
-0.428299   0.900945

0   0
-0.441634   0.897195
-0.433172   0.903722

0   0
-0.445213   0.895425
-0.439374   0.905497

0   0
-0.448784   0.89364
-0.4463   0.906048

0   0
-0.452348   0.891841
-0.453473   0.905409

0   0
-0.455905   0.890028
-0.460565   0.903717

0   0
-0.459455   0.888201
-0.46736   0.90113

0   0
-0.462998   0.886359
-0.473712   0.897805

0   0
-0.466533   0.884504
-0.47952   0.893887

0   0
-0.470061   0.882634
-0.484709   0.889508

0   0
-0.473581   0.88075
-0.489218   0.884798

0   0
-0.477093   0.878853
-0.492997   0.879886

0   0
-0.480599   0.876941
-0.496002   0.874911

0   0
-0.484096   0.875015
-0.498199   0.870028

0   0
-0.487586   0.873075
-0.499568   0.865426

0   0
-0.491068   0.871122
-0.500118   0.861333

0   0
-0.494542   0.869154
-0.499924   0.858038

0   0
-0.498008   0.867173
-0.499183   0.855882

0   0
-0.501466   0.865177
-0.498304   0.855202

0   0
-0.504916   0.863168
-0.497975   0.856159

0   0
-0.508358   0.861146
-0.499018   0.858462

0   0
-0.511793   0.859109
-0.501961   0.861302

0   0
-0.515219   0.857059
-0.506712   0.863751

0   0
-0.518636   0.854995
-0.512749   0.865209

0   0
-0.522046   0.852917
-0.519486   0.865471

0   0
-0.525447   0.850826
-0.526467   0.864575

0   0
-0.52884   0.848722
-0.533377   0.86265

0   0
-0.532224   0.846604
-0.540007   0.859851

0   0
-0.5356   0.844472
-0.546217   0.856328

0   0
-0.538967   0.842327
-0.551911   0.852217

0   0
-0.542326   0.840168
-0.557017   0.847646

0   0
-0.545676   0.837996
-0.561477   0.842736

0   0
-0.549017   0.835811
-0.565244   0.837605

0   0
-0.55235   0.833612
-0.568275   0.832381

0   0
-0.555674   0.8314
-0.570536   0.827204

0   0
-0.558989   0.829175
-0.572001   0.822237

0   0
-0.562295   0.826937
-0.572668   0.817684

0   0
-0.565592   0.824685
-0.572577   0.813794

0   0
-0.56888   0.822421
-0.571861   0.810877

0   0
-0.572159   0.820143
-0.570816   0.809269

0   0
-0.575429   0.817852
-0.569986   0.809232

0   0
-0.57869   0.815548
-0.570146   0.810709

0   0
-0.581941   0.813231
-0.572   0.813124

0   0
-0.585183   0.810901
-0.575745   0.815563

0   0
-0.588416   0.808558
-0.581025   0.817259

0   0
-0.59164   0.806202
-0.587264   0.817844

0   0
-0.594854   0.803834
-0.59395   0.817261

0   0
-0.598058   0.801452
-0.600712   0.815604

0   0
-0.601254   0.799058
-0.607302   0.813016

0   0
-0.604439   0.796651
-0.613556   0.809645

0   0
-0.607615   0.794232
-0.619363   0.805628

0   0
-0.610781   0.7918
-0.624642   0.801091

0   0
-0.613937   0.789355
-0.629334   0.796151

0   0
-0.617084   0.786897
-0.633389   0.79092

0   0
-0.620221   0.784427
-0.636764   0.78551

0   0
-0.623348   0.781945
-0.639422   0.780042

0   0
-0.626465   0.77945
-0.641332   0.774649

0   0
-0.629572   0.776942
-0.642471   0.769492

0   0
-0.632669   0.774423
-0.642842   0.764766

0   0
-0.635756   0.77189
-0.642488   0.760715

0   0
-0.638832   0.769346
-0.641545   0.757638

0   0
-0.641899   0.766789
-0.640308   0.755859

0   0
-0.644955   0.76422
-0.639316   0.755621

0   0
-0.648001   0.761639
-0.639321   0.756856

0   0
-0.651037   0.759046
-0.640999   0.758993

0   0
-0.654062   0.756441
-0.644533   0.761144

0   0
-0.657077   0.753823
-0.649573   0.762565

0   0
-0.660082   0.751194
-0.655559   0.7629

0   0
-0.663076   0.748553
-0.661993   0.762092

0   0
-0.666059   0.745899
-0.668512   0.760233

0   0
-0.669032   0.743234
-0.674877   0.757458

0   0
-0.671994   0.740557
-0.680926   0.753913

0   0
-0.674945   0.737868
-0.686551   0.749729

0   0
-0.677886   0.735167
-0.691675   0.745027

0   0
-0.680815   0.732455
-0.696241   0.739918

0   0
-0.683734   0.729731
-0.700201   0.734508

0   0
-0.686642   0.726995
-0.703515   0.728901

0   0
-0.689539   0.724248
-0.706147   0.723207

0   0
-0.692425   0.721489
-0.708067   0.717545

0   0
-0.695301   0.718719
-0.709249   0.712057

0   0
-0.698165   0.715937
-0.709685   0.706912

0   0
-0.701017   0.713144
-0.709396   0.702322

0   0
-0.703859   0.71034
-0.708466   0.698548

0   0
-0.706689   0.707524
-0.707097   0.695898

0   0
-0.709509   0.704697
-0.70569   0.694663

0   0
-0.712317   0.701858
-0.704889   0.694957

0   0
-0.715113   0.699009
-0.705437   0.696474

0   0
-0.717898   0.696148
-0.707794   0.698459

0   0
-0.720672   0.693276
-0.711858   0.700062

0   0
-0.723434   0.690394
-0.717144   0.700738

0   0
-0.726185   0.6875
-0.723117   0.700297

0   0
-0.728924   0.684595
-0.729352   0.698769

0   0
-0.731651   0.681679
-0.735558   0.696271

0   0
-0.734367   0.678753
-0.741541   0.692941

0   0
-0.737071   0.675815
-0.747172   0.688914

0   0
-0.739763   0.672867
-0.752362   0.684313

0   0
-0.742444   0.669908
-0.757048   0.679249

0   0
-0.745113   0.666939
-0.761178   0.673824

0   0
-0.74777   0.663958
-0.764713   0.668137

0   0
-0.750415   0.660968
-0.767617   0.662286

0   0
-0.753047   0.657966
-0.769857   0.656374

0   0
-0.755668   0.654954
-0.771405   0.650516

0   0
-0.758277   0.651932
-0.772239   0.644848

0   0
-0.760874   0.648899
-0.772354   0.639531

0   0
-0.763459   0.645856
-0.77177   0.634771

0   0
-0.766031   0.642803
-0.770573   0.630817

0   0
-0.768592   0.63974
-0.768957   0.627965

0   0
-0.77114   0.636666
-0.767307   0.626495

0   0
-0.773675   0.633582
-0.766241   0.626521

0   0
-0.776199   0.630488
-0.766484   0.627761

0   0
-0.77871   0.627384
-0.768496   0.629491

0   0
-0.781209   0.62427
-0.772201   0.630879

0   0
-0.783695   0.621146
-0.777138   0.631376

0   0
-0.786169   0.618012
-0.78278   0.630783

0   0
-0.78863   0.614868
-0.788707   0.629119

0   0
-0.791078   0.611715
-0.794627   0.626495

0   0
-0.793514   0.608552
-0.800347   0.623047

0   0
-0.795938   0.605379
-0.805739   0.618904

0   0
-0.798348   0.602196
-0.810714   0.614188

0   0
-0.800746   0.599004
-0.81521   0.609005

0   0
-0.803131   0.595802
-0.819179   0.603453

0   0
-0.805504   0.592591
-0.822581   0.597626

0   0
-0.807863   0.58937
-0.825383   0.591616

0   0
-0.81021   0.58614
-0.827555   0.585516

0   0
-0.812544   0.5829
-0.829068   0.579431

0   0
-0.814864   0.579652
-0.829899   0.573477

0   0
-0.817172   0.576394
-0.830036   0.567797

0   0
-0.819467   0.573126
-0.829484   0.562563

0   0
-0.821749   0.56985
-0.82829   0.557992

0   0
-0.824017   0.566565
-0.826579   0.554347

0   0
-0.826273   0.56327
-0.824615   0.551915

0   0
-0.828515   0.559967
-0.822873   0.550919

0   0
-0.830744   0.556654
-0.822026   0.551322

0   0
-0.83296   0.553333
-0.822716   0.552649

0   0
-0.835163   0.550003
-0.825178   0.554095

0   0
-0.837352   0.546664
-0.829143   0.554934

0   0
-0.839528   0.543317
-0.834102   0.554784

0   0
-0.84169   0.539961
-0.839573   0.553554

0   0
-0.843839   0.536596
-0.845201   0.551313

0   0
-0.845975   0.533223
-0.850743   0.548182

0   0
-0.848097   0.529841
-0.856039   0.544293

0   0
-0.850206   0.52645
-0.860985   0.539771

0   0
-0.852301   0.523052
-0.865504   0.534724

0   0
-0.854382   0.519645
-0.869545   0.529254

0   0
-0.85645   0.516229
-0.873065   0.523452

0   0
-0.858505   0.512806
-0.87603   0.517404

0   0
-0.860545   0.509374
-0.87841   0.511197

0   0
-0.862572   0.505934
-0.880177   0.504921

0   0
-0.864585   0.502487
-0.881305   0.498672

0   0
-0.866584   0.499031
-0.881775   0.492564

0   0
-0.86857   0.495567
-0.881573   0.486729

0   0
-0.870541   0.492095
-0.880708   0.481333

0   0
-0.872499   0.488615
-0.879221   0.476579

0   0
-0.874443   0.485128
-0.877228   0.472718

0   0
-0.876373   0.481633
-0.874973   0.470024

0   0
-0.878289   0.47813
-0.872894   0.468721

0   0
-0.880191   0.47462
-0.87163   0.468806

0   0
-0.882079   0.471102
-0.871824   0.469865

0   0
-0.883953   0.467576
-0.87376   0.471133

0   0
-0.885812   0.464043
-0.877224   0.471876

0   0
-0.887658   0.460503
-0.881734   0.471676

0   0
-0.88949   0.456955
-0.886807   0.470417

0   0
-0.891307   0.4534
-0.892078   0.468151

0   0
-0.89311   0.449838
-0.897299   0.464995

0   0
-0.894899   0.446269
-0.902303   0.461076

0   0
-0.896674   0.442692
-0.906983   0.456517

0   0
-0.898434   0.439109
-0.911262   0.451426

0   0
-0.90018   0.435518
-0.915088   0.445903

0   0
-0.901912   0.431921
-0.918419   0.440035

0   0
-0.903629   0.428316
-0.921222   0.433906

0   0
-0.905332   0.424705
-0.923468   0.427596

0   0
-0.90702   0.421087
-0.925132   0.421188

0   0
-0.908694   0.417463
-0.926189   0.41477

0   0
-0.910354   0.413831
-0.926618   0.40844

0   0
-0.911999   0.410193
-0.926404   0.402313

0   0
-0.913629   0.406549
-0.925542   0.396529

0   0
-0.915245   0.402898
-0.924052   0.391259

0   0
-0.916846   0.399241
-0.922   0.386717

0   0
-0.918433   0.395577
-0.919539   0.383154

0   0
-0.920005   0.391907
-0.916969   0.380829

0   0
-0.921562   0.388231
-0.914791   0.379899

0   0
-0.923105   0.384548
-0.913658   0.380231

0   0
-0.924633   0.38086
-0.914109   0.381278

0   0
-0.926146   0.377165
-0.91625   0.382261

0   0
-0.927645   0.373464
-0.91975   0.382554

0   0
-0.929128   0.369758
-0.924117   0.381857

0   0
-0.930597   0.366045
-0.928911   0.380125

0   0
-0.932051   0.362327
-0.933816   0.377437

0   0
-0.93349   0.358603
-0.938617   0.373913

0   0
-0.934915   0.354873
-0.943174   0.36968

0   0
-0.936324   0.351137
-0.947392   0.36485

0   0
-0.937719   0.347396
-0.951207   0.359529

0   0
-0.939098   0.343649
-0.954571   0.353806

0   0
-0.940463   0.339897
-0.957449   0.347765

0   0
-0.941812   0.33614
-0.959811   0.341485

0   0
-0.943147   0.332377
-0.961631   0.335042

0   0
-0.944466   0.328609
-0.962886   0.328513

0   0
-0.945771   0.324835
-0.963553   0.321982

0   0
-0.94706   0.321057
-0.963613   0.315541

0   0
-0.948334   0.317273
-0.963053   0.309298

0   0
-0.949593   0.313484
-0.961867   0.303382

0   0
-0.950837   0.30969
-0.960072   0.297955

0   0
-0.952066   0.305892
-0.957725   0.293213

0   0
-0.95328   0.302088
-0.95496   0.289393

0   0
-0.954479   0.29828
-0.952038   0.286745

0   0
-0.955662   0.294466
-0.949408   0.285446

0   0
-0.95683   0.290648
-0.947684   0.285434

0   0
-0.957983   0.286826
-0.947437   0.286254

0   0
-0.95912   0.282999
-0.948869   0.287167

0   0
-0.960242   0.279167
-0.95173   0.287507

0   0
-0.961349   0.275331
-0.955552   0.286913

0   0
-0.962441   0.271491
-0.959885   0.285299

0   0
-0.963517   0.267646
-0.964391   0.282722

0   0
-0.964578   0.263797
-0.968842   0.279296

0   0
-0.965624   0.259944
-0.973085   0.275143

0   0
-0.966654   0.256087
-0.97702   0.270379

0   0
-0.967669   0.252225
-0.980578   0.265106

0   0
-0.968668   0.24836
-0.98371   0.259416

0   0
-0.969652   0.24449
-0.986382   0.253391

0   0
-0.97062   0.240617
-0.988562   0.247107

0   0
-0.971573   0.23674
-0.990228   0.240637

0   0
-0.972511   0.232859
-0.991355   0.234052

0   0
-0.973433   0.228974
-0.991924   0.227429

0   0
-0.974339   0.225086
-0.991916   0.22085

0   0
-0.97523   0.221194
-0.991314   0.214406

0   0
-0.976105   0.217299
-0.990109   0.208208

0   0
-0.976965   0.2134
-0.988304   0.202389

0   0
-0.977809   0.209497
-0.985926   0.197112

0   0
-0.978638   0.205592
-0.98305   0.19258

0   0
-0.979451   0.201683
-0.979836   0.189024

0   0
-0.980248   0.197771
-0.976584   0.186675

0   0
-0.98103   0.193856
-0.973778   0.185657

0   0
-0.981796   0.189937
-0.972027   0.185818

0   0
-0.982547   0.186016
-0.971817   0.186623

0   0
-0.983282   0.182092
-0.973232   0.18734

0   0
-0.984001   0.178164
-0.975952   0.187384

0   0
-0.984704   0.174234
-0.979511   0.186473

0   0
-0.985392   0.170301
-0.983493   0.184564

0   0
-0.986064   0.166366
-0.987591   0.18173

0   0
-0.98672   0.162428
-0.991601   0.178088

0   0
-0.987361   0.158487
-0.995387   0.173755

0   0
-0.987986   0.154543
-0.998859   0.168843

0   0
-0.988595   0.150598
-1.00196   0.16345

0   0
-0.989189   0.146649
-1.00463   0.157661

0   0
-0.989766   0.142699
-1.00686   0.151557

0   0
-0.990328   0.138746
-1.0086   0.145207

0   0
-0.990874   0.134791
-1.00985   0.138682

0   0
-0.991404   0.130834
-1.01057   0.132051

0   0
-0.991919   0.126875
-1.01075   0.125383

0   0
-0.992417   0.122913
-1.01038   0.118755

0   0
-0.9929   0.11895
-1.00943   0.112255

0   0
-0.993367   0.114985
-1.0079   0.105983

0   0
-0.993818   0.111018
-1.00579   0.100062

0   0
-0.994254   0.107049
-1.00312   0.0946405

0   0
-0.994673   0.103079
-0.999946   0.0899027

0   0
-0.995077   0.0991066
-0.996408   0.0860644

0   0
-0.995465   0.0951329
-0.992752   0.083351

0   0
-0.995836   0.0911577
-0.989393   0.0819213

0   0
-0.996192   0.0871811
-0.986899   0.0817191

0   0
-0.996533   0.0832031
-0.985805   0.0823342

0   0
-0.996857   0.0792237
-0.986328   0.0830828

0   0
-0.997165   0.0752431
-0.988261   0.0833226

0   0
-0.997458   0.0712613
-0.99117   0.0826841

0   0
-0.997734   0.0672783
-0.994621   0.0810612

0   0
-0.997995   0.0632943
-0.998279   0.0784984

0   0
-0.99824   0.0593092
-1.00191   0.0751002

0   0
-0.998468   0.0553232
-1.00537   0.0709841

0   0
-0.998681   0.0513364
-1.00855   0.0662614

0   0
-0.998878   0.0473487
-1.01138   0.0610322

0   0
-0.99906   0.0433603
-1.01382   0.0553848

0   0
-0.999225   0.0393711
-1.01584   0.0493978

0   0
-0.999374   0.0353814
-1.01739   0.0431427

0   0
-0.999507   0.031391
-1.01847   0.0366865

0   0
-0.999625   0.0274002
-1.01906   0.0300941

0   0
-0.999726   0.023409
-1.01913   0.0234312

0   0
-0.999811   0.0194173
-1.01866   0.0167666

0   0
-0.999881   0.0154254
-1.01766   0.0101759

0   0
-0.999935   0.0114332
-1.01609   0.00374532

0   0
-0.999972   0.00744083
-1.01396   -0.00242376

0   0
-0.999994   0.00344835
-1.01127   -0.00820881

0   0
-1   -0.000544196
-1.00806   -0.0134599

0   0
-0.99999   -0.00453673
-1.00439   -0.017995

0   0
-0.999964   -0.00852919
-1.00041   -0.021604

0   0
-0.999922   -0.0125215
-0.996382   -0.0240775

0   0
-0.999864   -0.0165136
-0.992745   -0.0252906

0   0
-0.99979   -0.0205055
-0.990051   -0.0253486

0   0
-0.9997   -0.024497
-0.988785   -0.0246987

0   0
-0.999594   -0.0284882
-0.989097   -0.0240149

0   0
-0.999472   -0.0324789
-0.990745   -0.0238923

0   0
-0.999335   -0.0364691
-0.9933   -0.0246546

0   0
-0.999181   -0.0404587
-0.996347   -0.0263836

0   0
-0.999012   -0.0444476
-0.999573   -0.0290267

0   0
-0.998826   -0.0484358
-1.00276   -0.0324794

0   0
-0.998625   -0.0524233
-1.00577   -0.0366269

0   0
-0.998408   -0.0564099
-1.00849   -0.0413613

0   0
-0.998175   -0.0603957
-1.01088   -0.0465861

0   0
-0.997925   -0.0643804
-1.01288   -0.052216

0   0
-0.99766   -0.0683642
-1.01447   -0.0581751

0   0
-0.99738   -0.0723468
-1.01561   -0.0643946

0   0
-0.997083   -0.0763283
-1.01628   -0.0708102

0   0
-0.99677   -0.0803086
-1.01648   -0.07736

0   0
-0.996441   -0.0842876
-1.01617   -0.0839819

0   0
-0.996097   -0.0882653
-1.01536   -0.090611

0   0
-0.995737   -0.0922415
-1.01401   -0.0971768

0   0
-0.99536   -0.0962163
-1.01213   -0.1036

0   0
-0.994968   -0.10019
-1.00971   -0.109788

0   0
-0.99456   -0.104161
-1.00674   -0.115631

0   0
-0.994137   -0.108131
-1.00325   -0.120994

0   0
-0.993697   -0.112099
-0.999295   -0.125713

0   0
-0.993242   -0.116066
-0.994989   -0.129596

0   0
-0.99277   -0.120031
-0.990543   -0.132439

0   0
-0.992283   -0.123993
-0.986311   -0.134083

0   0
-0.99178   -0.127954
-0.982789   -0.134527

0   0
-0.991261   -0.131913
-0.980502   -0.134071

0   0
-0.990727   -0.135869
-0.979748   -0.133304

0   0
-0.990176   -0.139824
-0.980441   -0.132866

0   0
-0.98961   -0.143776
-0.982213   -0.133192

0   0
-0.989028   -0.147726
-0.98464   -0.134453

0   0
-0.988431   -0.151673
-0.987371   -0.136644

0   0
-0.987817   -0.155619
-0.990153   -0.13968

0   0
-0.987188   -0.159561
-0.992817   -0.14345

0   0
-0.986543   -0.163501
-0.995251   -0.147846

0   0
-0.985882   -0.167439
-0.99738   -0.152767

0   0
-0.985206   -0.171374
-0.999151   -0.158125

0   0
-0.984514   -0.175306
-1.00053   -0.163843

0   0
-0.983806   -0.179235
-1.00149   -0.169849

0   0
-0.983083   -0.183162
-1.00201   -0.176081

0   0
-0.982344   -0.187085
-1.00207   -0.182478

0   0
-0.981589   -0.191006
-1.00165   -0.18898

0   0
-0.980819   -0.194923
-1.00074   -0.195528

0   0
-0.980032   -0.198838
-0.999336   -0.202059

0   0
-0.979231   -0.202749
-0.997413   -0.208504

0   0
-0.978413   -0.206657
-0.994966   -0.214785

0   0
-0.977581   -0.210562
-0.991992   -0.220811

0   0
-0.976732   -0.214463
-0.988497   -0.226472

0   0
-0.975868   -0.218361
-0.984506   -0.231637

0   0
-0.974989   -0.222255
-0.98008   -0.236145

0   0
-0.974093   -0.226146
-0.975337   -0.239813

0   0
-0.973183   -0.230033
-0.970495   -0.242447

0   0
-0.972257   -0.233917
-0.965904   -0.243906

0   0
-0.971315   -0.237797
-0.962048   -0.24421

0   0
-0.970358   -0.241673
-0.959421   -0.243661

0   0
-0.969385   -0.245545
-0.958294   -0.242835

0   0
-0.968397   -0.249414
-0.958576   -0.242343

0   0
-0.967393   -0.253278
-0.959912   -0.242602

0   0
-0.966375   -0.257138
-0.961891   -0.243776

0   0
-0.96534   -0.260995
-0.964172   -0.245862

0   0
-0.964291   -0.264847
-0.96651   -0.24878

0   0
-0.963225   -0.268695
-0.968737   -0.252421

0   0
-0.962145   -0.272538
-0.970742   -0.256679

0   0
-0.961049   -0.276377
-0.972452   -0.261457

0   0
-0.959938   -0.280212
-0.973816   -0.266667

0   0
-0.958812   -0.284043
-0.974798   -0.272234

0   0
-0.95767   -0.287868
-0.975372   -0.278089

0   0
-0.956513   -0.29169
-0.975517   -0.28417

0   0
-0.955341   -0.295506
-0.975218   -0.290418

0   0
-0.954153   -0.299318
-0.974459   -0.296777

0   0
-0.952951   -0.303125
-0.973226   -0.303189

0   0
-0.951733   -0.306928
-0.971507   -0.309596

0   0
-0.9505   -0.310725
-0.969291   -0.315934

0   0
-0.949252   -0.314517
-0.966568   -0.322132

0   0
-0.947988   -0.318305
-0.963334   -0.328106

0   0
-0.94671   -0.322087
-0.959593   -0.333759

0   0
-0.945417   -0.325864
-0.955361   -0.338974

0   0
-0.944108   -0.329636
-0.950682   -0.34361

0   0
-0.942784   -0.333403
-0.945645   -0.3475

0   0
-0.941446   -0.337165
-0.940412   -0.350462

0   0
-0.940092   -0.340921
-0.93526   -0.352331

0   0
-0.938723   -0.344671
-0.930596   -0.353039

0   0
-0.93734   -0.348416
-0.926909   -0.352738

0   0
-0.935941   -0.352156
-0.924594   -0.351863

0   0
-0.934528   -0.35589
-0.923745   -0.351017

0   0
-0.9331   -0.359618
-0.924129   -0.350718

0   0
-0.931656   -0.363341
-0.925361   -0.351253

0   0
-0.930198   -0.367058
-0.927066   -0.352697

0   0
-0.928725   -0.370769
-0.928954   -0.355006

0   0
-0.927238   -0.374474
-0.930821   -0.358087

0   0
-0.925735   -0.378173
-0.932531   -0.361834

0   0
-0.924218   -0.381866
-0.933992   -0.366146

0   0
-0.922686   -0.385553
-0.935143   -0.370932

0   0
-0.921139   -0.389233
-0.935941   -0.376112

0   0
-0.919578   -0.392908
-0.936356   -0.381616

0   0
-0.918002   -0.396576
-0.936365   -0.387379

0   0
-0.916411   -0.400238
-0.93595   -0.393343

0   0
-0.914806   -0.403894
-0.935096   -0.399452

0   0
-0.913186   -0.407543
-0.93379   -0.405652

0   0
-0.911552   -0.411186
-0.93202   -0.411887

0   0
-0.909903   -0.414822
-0.929774   -0.418101

0   0
-0.908239   -0.418451
-0.927042   -0.424232

0   0
-0.906561   -0.422074
-0.923818   -0.43021

0   0
-0.904869   -0.42569
-0.920097   -0.435953

0   0
-0.903162   -0.4293
-0.915885   -0.441368

0   0
-0.901441   -0.432902
-0.911202   -0.44634

0   0
-0.899705   -0.436498
-0.906093   -0.450734

0   0
-0.897955   -0.440086
-0.900646   -0.454391

0   0
-0.896191   -0.443668
-0.895022   -0.457136

0   0
-0.894413   -0.447243
-0.889484   -0.458817

0   0
-0.89262   -0.45081
-0.884423   -0.459371

0   0
-0.890813   -0.45437
-0.880302   -0.458935

0   0
-0.888992   -0.457923
-0.877505   -0.457917

0   0
-0.887156   -0.461469
-0.876142   -0.45689

0   0
-0.885307   -0.465007
-0.87601   -0.456363

0   0
-0.883443   -0.468538
-0.876745   -0.456633

0   0
-0.881566   -0.472062
-0.87798   -0.457791

0   0
-0.879674   -0.475577
-0.879426   -0.459805

0   0
-0.877768   -0.479086
-0.880875   -0.462587

0   0
-0.875848   -0.482587
-0.882187   -0.466037

0   0
-0.873915   -0.48608
-0.883267   -0.470054

0   0
-0.871967   -0.489565
-0.884053   -0.47455

0   0
-0.870005   -0.493042
-0.8845   -0.479445

0   0
-0.86803   -0.496512
-0.884578   -0.484669

0   0
-0.866041   -0.499974
-0.884262   -0.490158

0   0
-0.864038   -0.503427
-0.883537   -0.495855

0   0
-0.862021   -0.506873
-0.882386   -0.501705

0   0
-0.85999   -0.510311
-0.880797   -0.507656

0   0
-0.857946   -0.51374
-0.878758   -0.513656

0   0
-0.855888   -0.517161
-0.876259   -0.51965

0   0
-0.853816   -0.520574
-0.87329   -0.525582

0   0
-0.851731   -0.523979
-0.869844   -0.531387

0   0
-0.849632   -0.527376
-0.865917   -0.536992

0   0
-0.84752   -0.530764
-0.861509   -0.542313

0   0
-0.845394   -0.534143
-0.856634   -0.54725

0   0
-0.843255   -0.537514
-0.851323   -0.551683

0   0
-0.841102   -0.540877
-0.845639   -0.555471

0   0
-0.838936   -0.54423
-0.8397   -0.558454

0   0
-0.836756   -0.547575
-0.833703   -0.560472

0   0
-0.834563   -0.550912
-0.827957   -0.561409

0   0
-0.832357   -0.55424
-0.822875   -0.561279

0   0
-0.830138   -0.557558
-0.818891   -0.560327

0   0
-0.827905   -0.560868
-0.816279   -0.559026

0   0
-0.825659   -0.564169
-0.815018   -0.557926

0   0
-0.8234   -0.567461
-0.814837   -0.557448

0   0
-0.821128   -0.570744
-0.815371   -0.557798

0   0
-0.818843   -0.574018
-0.816289   -0.559013

0   0
-0.816544   -0.577283
-0.81734   -0.561041

0   0
-0.814233   -0.580538
-0.818346   -0.56379

0   0
-0.811909   -0.583784
-0.819188   -0.567162

0   0
-0.809571   -0.587021
-0.819783   -0.571063

0   0
-0.807221   -0.590249
-0.820076   -0.57541

0   0
-0.804858   -0.593467
-0.82003   -0.580128

0   0
-0.802482   -0.596676
-0.819615   -0.58515

0   0
-0.800094   -0.599875
-0.818813   -0.590418

0   0
-0.797692   -0.603065
-0.817605   -0.595876

0   0
-0.795278   -0.606245
-0.81598   -0.601472

0   0
-0.792851   -0.609415
-0.813925   -0.607156

0   0
-0.790412   -0.612576
-0.811429   -0.612877

0   0
-0.78796   -0.615726
-0.808482   -0.618584

0   0
-0.785495   -0.618867
-0.805077   -0.624219

0   0
-0.783018   -0.621999
-0.801206   -0.629722

0   0
-0.780529   -0.62512
-0.796867   -0.635021

0   0
-0.778027   -0.628231
-0.792061   -0.640035

0   0
-0.775512   -0.631333
-0.786802   -0.644668

0   0
-0.772985   -0.634424
-0.781121   -0.648805

0   0
-0.770446   -0.637505
-0.77508   -0.652311

0   0
-0.767895   -0.640576
-0.76879   -0.655036

0   0
-0.765331   -0.643637
-0.762436   -0.656826

0   0
-0.762755   -0.646687
-0.756307   -0.657569

0   0
-0.760167   -0.649727
-0.750791   -0.657267

0   0
-0.757567   -0.652757
-0.746302   -0.656128

0   0
-0.754955   -0.655776
-0.743131   -0.654582

0   0
-0.752331   -0.658785
-0.741297   -0.653158

0   0
-0.749695   -0.661784
-0.740569   -0.652284

0   0
-0.747046   -0.664772
-0.740606   -0.652194

0   0
-0.744386   -0.667749
-0.741077   -0.652951

0   0
-0.741714   -0.670716
-0.741725   -0.654516

0   0
-0.739031   -0.673672
-0.742365   -0.656807

0   0
-0.736335   -0.676617
-0.742869   -0.65973

0   0
-0.733628   -0.679551
-0.743151   -0.663194

0   0
-0.730909   -0.682475
-0.743151   -0.667114

0   0
-0.728178   -0.685388
-0.742827   -0.671416

0   0
-0.725436   -0.68829
-0.742152   -0.676034

0   0
-0.722682   -0.69118
-0.741103   -0.680909

0   0
-0.719917   -0.69406
-0.739663   -0.685985

0   0
-0.71714   -0.696929
-0.737818   -0.691212

0   0
-0.714352   -0.699787
-0.735558   -0.696542

0   0
-0.711552   -0.702633
-0.732871   -0.701925

0   0
-0.708741   -0.705469
-0.729747   -0.707312

0   0
-0.705919   -0.708293
-0.726179   -0.712651

0   0
-0.703085   -0.711105
-0.72216   -0.717885

0   0
-0.700241   -0.713907
-0.717684   -0.72295

0   0
-0.697385   -0.716697
-0.712751   -0.727773

0   0
-0.694518   -0.719475
-0.70737   -0.73227

0   0
-0.69164   -0.722243
-0.701561   -0.736338

0   0
-0.688751   -0.724998
-0.695367   -0.73986

0   0
-0.685851   -0.727742
-0.688866   -0.7427

0   0
-0.68294   -0.730475
-0.682194   -0.74471

0   0
-0.680018   -0.733196
-0.675567   -0.745755

0   0
-0.677085   -0.735905
-0.669303   -0.745762

0   0
-0.674141   -0.738602
-0.663792   -0.744801

0   0
-0.671187   -0.741288
-0.659407   -0.743154

0   0
-0.668222   -0.743962
-0.656343   -0.741283

0   0
-0.665247   -0.746624
-0.654533   -0.739679

0   0
-0.66226   -0.749274
-0.653706   -0.738698

0   0
-0.659264   -0.751912
-0.653531   -0.738511

0   0
-0.656256   -0.754538
-0.653709   -0.739146

0   0
-0.653239   -0.757152
-0.65401   -0.740552

0   0
-0.65021   -0.759754
-0.654272   -0.742646

0   0
-0.647172   -0.762344
-0.65438   -0.745337

0   0
-0.644123   -0.764922
-0.654259   -0.748538

0   0
-0.641064   -0.767488
-0.653855   -0.752172

0   0
-0.637995   -0.770041
-0.65313   -0.756167

0   0
-0.634915   -0.772582
-0.652057   -0.76046

0   0
-0.631825   -0.775111
-0.650617   -0.764996

0   0
-0.628726   -0.777627
-0.648792   -0.769722

0   0
-0.625616   -0.780131
-0.646571   -0.774588

0   0
-0.622496   -0.782623
-0.643943   -0.779549

0   0
-0.619367   -0.785102
-0.640896   -0.784557

0   0
-0.616227   -0.787568
-0.637423   -0.789564

0   0
-0.613078   -0.790022
-0.633515   -0.794519

0   0
-0.609919   -0.792464
-0.629166   -0.799368

0   0
-0.60675   -0.794893
-0.624372   -0.804048

0   0
-0.603572   -0.797309
-0.619132   -0.80849

0   0
-0.600383   -0.799712
-0.613455   -0.812612

0   0
-0.597186   -0.802103
-0.60736   -0.816318

0   0
-0.593979   -0.804481
-0.600888   -0.819494

0   0
-0.590762   -0.806846
-0.594111   -0.822012

0   0
-0.587536   -0.809198
-0.587156   -0.823731

0   0
-0.5843   -0.811537
-0.580221   -0.82452

0   0
-0.581056   -0.813864
-0.573597   -0.824299

0   0
-0.577802   -0.816177
-0.567654   -0.823115

0   0
-0.574538   -0.818478
-0.562756   -0.821202

0   0
-0.571266   -0.820765
-0.559128   -0.818979

0   0
-0.567985   -0.823039
-0.556755   -0.816924

0   0
-0.564694   -0.8253
-0.555411   -0.815412

0   0
-0.561394   -0.827548
-0.554781   -0.814647

0   0
-0.558086   -0.829783
-0.554567   -0.814684

0   0
-0.554769   -0.832005
-0.554531   -0.815491

0   0
-0.551442   -0.834213
-0.554499   -0.816994

0   0
-0.548107   -0.836408
-0.554351   -0.819108

0   0
-0.544764   -0.83859
-0.554   -0.821746

0   0
-0.541411   -0.840758
-0.55339   -0.824832

0   0
-0.53805   -0.842913
-0.552479   -0.828294

0   0
-0.53468   -0.845054
-0.551238   -0.83207

0   0
-0.531302   -0.847182
-0.549645   -0.836103

0   0
-0.527916   -0.849297
-0.547683   -0.840341

0   0
-0.524521   -0.851398
-0.545339   -0.844735

0   0
-0.521117   -0.853485
-0.542601   -0.849241

0   0
-0.517705   -0.855559
-0.53946   -0.853812

0   0
-0.514285   -0.857619
-0.535905   -0.858403

0   0
-0.510857   -0.859666
-0.531929   -0.862966

0   0
-0.507421   -0.861698
-0.527525   -0.86745

0   0
-0.503977   -0.863717
-0.522687   -0.8718

0   0
-0.500524   -0.865723
-0.517413   -0.875952

0   0
-0.497064   -0.867714
-0.511708   -0.879834

0   0
-0.493595   -0.869692
-0.505581   -0.88336

0   0
-0.490119   -0.871655
-0.499061   -0.886432

0   0
-0.486635   -0.873605
-0.492199   -0.888934

0   0
-0.483143   -0.875541
-0.485083   -0.890736

0   0
-0.479644   -0.877463
-0.477858   -0.891705

0   0
-0.476137   -0.879371
-0.470749   -0.891726

0   0
-0.472622   -0.881265
-0.464064   -0.89076

0   0
-0.4691   -0.883145
-0.458168   -0.888905

0   0
-0.46557   -0.885011
-0.453381   -0.886451

0   0
-0.462033   -0.886863
-0.449855   -0.883831

0   0
-0.458488   -0.8887
-0.447507   -0.881485

0   0
-0.454936   -0.890524
-0.44609   -0.879732

0   0
-0.451377   -0.892333
-0.4453   -0.878728

0   0
-0.447811   -0.894128
-0.444863   -0.878503

0   0
-0.444238   -0.895909
-0.444565   -0.879017

0   0
-0.440657   -0.897675
-0.444248   -0.880194

0   0
-0.43707   -0.899428
-0.443804   -0.881952

0   0
-0.433475   -0.901165
-0.443155   -0.884212

0   0
-0.429874   -0.902889
-0.442249   -0.886898

0   0
-0.426266   -0.904598
-0.441046   -0.889946

0   0
-0.422651   -0.906293
-0.43952   -0.893293

0   0
-0.419029   -0.907973
-0.437649   -0.896887

0   0
-0.4154   -0.909639
-0.435418   -0.900678

0   0
-0.411765   -0.91129
-0.432813   -0.90462

0   0
-0.408124   -0.912927
-0.429824   -0.908667

0   0
-0.404475   -0.914549
-0.42644   -0.912777

0   0
-0.400821   -0.916156
-0.422652   -0.916905

0   0
-0.39716   -0.917749
-0.418453   -0.921006

0   0
-0.393493   -0.919328
-0.413835   -0.925029

0   0
-0.389819   -0.920892
-0.408793   -0.928922

0   0
-0.386139   -0.922441
-0.403326   -0.932624

0   0
-0.382453   -0.923975
-0.397435   -0.936063

0   0
-0.378761   -0.925494
-0.391132   -0.939161

0   0
-0.375063   -0.926999
-0.384442   -0.941822

0   0
-0.371359   -0.928489
-0.377409   -0.943935

0   0
-0.367649   -0.929965
-0.370117   -0.945378

0   0
-0.363933   -0.931425
-0.362696   -0.946021

0   0
-0.360211   -0.932871
-0.355351   -0.945751

0   0
-0.356484   -0.934301
-0.348366   -0.944512

0   0
-0.352751   -0.935717
-0.342087   -0.942373

0   0
-0.349012   -0.937118
-0.336839   -0.939576

0   0
-0.345268   -0.938504
-0.332807   -0.936514

0   0
-0.341518   -0.939875
-0.329966   -0.933623

0   0
-0.337763   -0.941231
-0.328106   -0.931242

0   0
-0.334002   -0.942572
-0.326941   -0.929562

0   0
-0.330237   -0.943898
-0.326197   -0.92864

0   0
-0.326465   -0.945209
-0.32565   -0.928454

0   0
-0.322689   -0.946505
-0.325134   -0.928941

0   0
-0.318907   -0.947786
-0.32453   -0.930022

0   0
-0.315121   -0.949052
-0.323753   -0.931621

0   0
-0.311329   -0.950302
-0.322745   -0.933663

0   0
-0.307533   -0.951538
-0.321463   -0.936083

0   0
-0.303731   -0.952758
-0.319876   -0.93882

0   0
-0.299925   -0.953963
-0.317964   -0.94182

0   0
-0.296114   -0.955153
-0.315707   -0.945034

0   0
-0.292298   -0.956327
-0.313091   -0.948415

0   0
-0.288477   -0.957487
-0.310106   -0.951921

0   0
-0.284652   -0.958631
-0.30674   -0.955508

0   0
-0.280823   -0.95976
-0.302985   -0.959136

0   0
-0.276988   -0.960873
-0.298832   -0.962759

0   0
-0.27315   -0.961971
-0.294274   -0.966334

0   0
-0.269307   -0.963054
-0.289304   -0.969809

0   0
-0.26546   -0.964122
-0.283918   -0.973131

0   0
-0.261608   -0.965174
-0.278116   -0.976237

0   0
-0.257753   -0.966211
-0.271902   -0.979056

0   0
-0.253893   -0.967232
-0.265293   -0.981503

0   0
-0.250029   -0.968238
-0.258318   -0.983482

0   0
-0.246162   -0.969229
-0.251033   -0.98488

0   0
-0.24229   -0.970204
-0.243533   -0.985575

0   0
-0.238415   -0.971163
-0.235967   -0.985443

0   0
-0.234535   -0.972108
-0.228557   -0.984387

0   0
-0.230652   -0.973036
-0.221603   -0.982387

0   0
-0.226765   -0.973949
-0.215441   -0.979556

0   0
-0.222875   -0.974847
-0.210358   -0.976174

0   0
-0.218981   -0.975729
-0.206479   -0.972644

0   0
-0.215084   -0.976596
-0.203728   -0.969371

0   0
-0.211183   -0.977447
-0.201877   -0.966649

0   0
-0.207279   -0.978282
-0.200649   -0.964629

0   0
-0.203371   -0.979102
-0.19979   -0.963347

0   0
-0.199461   -0.979906
-0.199095   -0.962774

0   0
-0.195547   -0.980694
-0.198413   -0.962844

0   0
-0.19163   -0.981467
-0.197635   -0.963485

0   0
-0.18771   -0.982225
-0.196685   -0.964621

0   0
-0.183787   -0.982966
-0.195506   -0.966184

0   0
-0.179861   -0.983692
-0.19406   -0.96811

0   0
-0.175932   -0.984402
-0.192318   -0.970343

0   0
-0.172   -0.985097
-0.190258   -0.97283

0   0
-0.168066   -0.985776
-0.187862   -0.975525

0   0
-0.164129   -0.986439
-0.185119   -0.978384

0   0
-0.160189   -0.987086
-0.182015   -0.981364

0   0
-0.156247   -0.987718
-0.178541   -0.984425

0   0
-0.152302   -0.988334
-0.174687   -0.987526

0   0
-0.148355   -0.988934
-0.170446   -0.990626

0   0
-0.144405   -0.989519
-0.165809   -0.99368

0   0
-0.140453   -0.990087
-0.16077   -0.996641

0   0
-0.136499   -0.99064
-0.155325   -0.999457

0   0
-0.132543   -0.991177
-0.149473   -1.00207

0   0
-0.128585   -0.991699
-0.143216   -1.00441

0   0
-0.124624   -0.992204
-0.13657   -1.00639

0   0
-0.120662   -0.992694
-0.129559   -1.00793

0   0
-0.116697   -0.993168
-0.122234   -1.00891

0   0
-0.112731   -0.993626
-0.114678   -1.00923

0   0
-0.108763   -0.994068
-0.107027   -1.00875

0   0
-0.104794   -0.994494
-0.0994824   -1.00738

0   0
-0.100822   -0.994904
-0.0923201   -1.00507

0   0
-0.0968491   -0.995299
-0.0858644   -1.00191

0   0
-0.0928746   -0.995678
-0.0804127   -0.99813

0   0
-0.0888986   -0.996041
-0.0761311   -0.9941

0   0
-0.0849211   -0.996388
-0.0729927   -0.990221

0   0
-0.0809423   -0.996719
-0.0708086   -0.986812

0   0
-0.0769623   -0.997034
-0.0693173   -0.984056

0   0
-0.0729809   -0.997333
-0.0682627   -0.982017

0   0
-0.0689985   -0.997617
-0.0674327   -0.980684

0   0
-0.0650149   -0.997884
-0.0666655   -0.980002

0   0
-0.0610303   -0.998136
-0.0658435   -0.979904

0   0
-0.0570447   -0.998372
-0.0648822   -0.980316

0   0
-0.0530582   -0.998591
-0.0637212   -0.981172

0   0
-0.0490709   -0.998795
-0.062317   -0.982408

0   0
-0.0450827   -0.998983
-0.0606379   -0.983967

0   0
-0.0410939   -0.999155
-0.0586599   -0.985797

0   0
-0.0371044   -0.999311
-0.0563646   -0.987853

0   0
-0.0331143   -0.999452
-0.0537374   -0.990089

0   0
-0.0291237   -0.999576
-0.0507659   -0.992465

0   0
-0.0251326   -0.999684
-0.0474394   -0.994942

0   0
-0.0211412   -0.999777
-0.0437484   -0.99748

0   0
-0.0171493   -0.999853
-0.0396841   -1.00004

0   0
-0.0131573   -0.999913
-0.0352384   -1.00258

0   0
-0.00916495   -0.999958
-0.030404   -1.00506

0   0
-0.00517251   -0.999987
-0.0251752   -1.00743

0   0
-0.00117998   -0.999999
-0.0195482   -1.00963

0   0
0.00281257   -0.999996
-0.0135229   -1.01161

0   0
0.00680507   -0.999977
-0.00710552   -1.0133

0   0
0.0107975   -0.999942
-0.000312002   -1.01461

0   0
0.0147897   -0.999891
0.00682564   -1.01545

0   0
0.0187817   -0.999824
0.0142504   -1.01571

0   0
0.0227734   -0.999741
0.0218673   -1.01527

0   0
0.0267647   -0.999642
0.0295272   -1.01402

0   0
0.0307556   -0.999527
0.0370124   -1.01186

0   0
0.034746   -0.999396
0.0440366   -1.0088

0   0
0.0387358   -0.999249
0.0502822   -1.00493

0   0
0.0427251   -0.999087
0.0554832   -1.00054

0   0
0.0467136   -0.998908
0.0595221   -0.995994

0   0
0.0507014   -0.998714
0.0624674   -0.991672

0   0
0.0546884   -0.998503
0.0645247   -0.987856

0   0
0.0586746   -0.998277
0.0659504   -0.984698

0   0
0.0626597   -0.998035
0.0669849   -0.982243

0   0
0.0666439   -0.997777
0.067824   -0.980469

0   0
0.0706271   -0.997503
0.0686161   -0.979322

0   0
0.0746091   -0.997213
0.0694696   -0.978735

0   0
0.0785899   -0.996907
0.0704625   -0.978641

0   0
0.0825695   -0.996585
0.071651   -0.978974

0   0
0.0865477   -0.996248
0.0730759   -0.979675

0   0
0.0905246   -0.995894
0.0747675   -0.980689

0   0
0.0945   -0.995525
0.0767484   -0.981968

0   0
0.0984739   -0.99514
0.0790366   -0.983466

0   0
0.102446   -0.994739
0.0816462   -0.985141

0   0
0.106417   -0.994322
0.0845895   -0.986956

0   0
0.110386   -0.993889
0.0878769   -0.98887

0   0
0.114353   -0.99344
0.0915179   -0.990848

0   0
0.118319   -0.992976
0.0955213   -0.992851

0   0
0.122282   -0.992495
0.0998954   -0.994841

0   0
0.126244   -0.991999
0.104648   -0.996774

0   0
0.130203   -0.991487
0.109784   -0.998607

0   0
0.134161   -0.99096
0.115309   -1.00029

0   0
0.138116   -0.990416
0.121224   -1.00176

0   0
0.14207   -0.989857
0.127524   -1.00295

0   0
0.14602   -0.989282
0.134197   -1.0038

0   0
0.149969   -0.988691
0.141216   -1.00419

0   0
0.153915   -0.988084
0.148531   -1.00405

0   0
0.157859   -0.987462
0.15606   -1.00324

0   0
0.1618   -0.986824
0.16367   -1.00165

0   0
0.165739   -0.98617
0.171166   -0.999191

0   0
0.169675   -0.9855
0.178283   -0.995823

0   0
0.173608   -0.984815
0.184711   -0.991623

0   0
0.177539   -0.984114
0.190167   -0.986814

0   0
0.181466   -0.983397
0.194491   -0.981743

0   0
0.185391   -0.982665
0.1977   -0.976792

0   0
0.189313   -0.981917
0.199963   -0.972265

0   0
0.193232   -0.981153
0.201523   -0.968348

0   0
0.197148   -0.980374
0.202622   -0.965112

0   0
0.20106   -0.979579
0.203465   -0.962556

0   0
0.20497   -0.978768
0.20421   -0.960634

0   0
0.208876   -0.977942
0.204975   -0.959285

0   0
0.212779   -0.9771
0.205846   -0.958443

0   0
0.216678   -0.976243
0.206883   -0.958045

0   0
0.220574   -0.97537
0.208131   -0.958031

0   0
0.224466   -0.974482
0.209624   -0.958348

0   0
0.228355   -0.973578
0.211387   -0.958944

0   0
0.23224   -0.972658
0.213439   -0.959777

0   0
0.236122   -0.971723
0.215794   -0.960805

0   0
0.24   -0.970773
0.218467   -0.961989

0   0
0.243874   -0.969807
0.221468   -0.963292

0   0
0.247744   -0.968826
0.224806   -0.964679

0   0
0.25161   -0.967829
0.228491   -0.966113

0   0
0.255472   -0.966816
0.232532   -0.967558

0   0
0.25933   -0.965789
0.236935   -0.968975

0   0
0.263184   -0.964746
0.24171   -0.970324

0   0
0.267033   -0.963687
0.24686   -0.971558

0   0
0.270879   -0.962613
0.252391   -0.972627

0   0
0.27472   -0.961524
0.258302   -0.973472

0   0
0.278557   -0.96042
0.264588   -0.974025

0   0
0.282389   -0.9593
0.271234   -0.974209

0   0
0.286217   -0.958165
0.278208   -0.973931

0   0
0.29004   -0.957014
0.285457   -0.973086

0   0
0.293859   -0.955849
0.292889   -0.971561

0   0
0.297673   -0.954668
0.300361   -0.969244

0   0
0.301482   -0.953472
0.307666   -0.96605

0   0
0.305286   -0.952261
0.31453   -0.961962

0   0
0.309086   -0.951034
0.320647   -0.957084

0   0
0.31288   -0.949793
0.325758   -0.951667

0   0
0.31667   -0.948536
0.329738   -0.946066

0   0
0.320454   -0.947264
0.332637   -0.940645

0   0
0.324234   -0.945977
0.334643   -0.935682

0   0
0.328008   -0.944675
0.335994   -0.931337

0   0
0.331777   -0.943358
0.336922   -0.927663

0   0
0.335541   -0.942026
0.33762   -0.924651

0   0
0.339299   -0.940678
0.338235   -0.922253

0   0
0.343052   -0.939316
0.338876   -0.92041

0   0
0.3468   -0.937939
0.339622   -0.919058

0   0
0.350542   -0.936547
0.340531   -0.918136

0   0
0.354278   -0.93514
0.341645   -0.917586

0   0
0.358009   -0.933718
0.342996   -0.917358

0   0
0.361734   -0.932281
0.344607   -0.917404

0   0
0.365453   -0.93083
0.346497   -0.917682

0   0
0.369167   -0.929363
0.348681   -0.918152

0   0
0.372874   -0.927882
0.35117   -0.918776

0   0
0.376576   -0.926386
0.353976   -0.919521

0   0
0.380272   -0.924875
0.357108   -0.920351

0   0
0.383961   -0.923349
0.360575   -0.921233

0   0
0.387645   -0.921809
0.364387   -0.92213

0   0
0.391322   -0.920254
0.36855   -0.923008

0   0
0.394993   -0.918684
0.373072   -0.923826

0   0
0.398658   -0.9171
0.377959   -0.924542

0   0
0.402316   -0.915501
0.383216   -0.925108

0   0
0.405968   -0.913887
0.388845   -0.925469

0   0
0.409613   -0.912259
0.394842   -0.925561

0   0
0.413252   -0.910617
0.401196   -0.925311

0   0
0.416885   -0.908959
0.407883   -0.924633

0   0
0.420511   -0.907288
0.414856   -0.923427

0   0
0.42413   -0.905602
0.42204   -0.921584

0   0
0.427742   -0.903901
0.42931   -0.918989

0   0
0.431347   -0.902186
0.436484   -0.915548

0   0
0.434946   -0.900457
0.443311   -0.911217

0   0
0.438538   -0.898713
0.449492   -0.906056

0   0
0.442122   -0.896955
0.454748   -0.900266

0   0
0.4457   -0.895183
0.458904   -0.894171

0   0
0.44927   -0.893396
0.461955   -0.888138

0   0
0.452834   -0.891595
0.464046   -0.882477

0   0
0.45639   -0.88978
0.465405   -0.877381

0   0
0.459939   -0.887951
0.466265   -0.872937

0   0
0.46348   -0.886107
0.466829   -0.869152

0   0
0.467014   -0.88425
0.467257   -0.865991

0   0
0.470541   -0.882378
0.467668   -0.863399

0   0
0.47406   -0.880493
0.468149   -0.861315

0   0
0.477572   -0.878593
0.468763   -0.859678

0   0
0.481076   -0.876679
0.469559   -0.85843

0   0
0.484572   -0.874751
0.470568   -0.857522

0   0
0.488061   -0.87281
0.471818   -0.856904

0   0
0.491541   -0.870854
0.473329   -0.856534

0   0
0.495015   -0.868885
0.475115   -0.856373

0   0
0.49848   -0.866901
0.477191   -0.856384

0   0
0.501937   -0.864904
0.479567   -0.856533

0   0
0.505386   -0.862893
0.482254   -0.856786

0   0
0.508827   -0.860869
0.485259   -0.857111

0   0
0.51226   -0.85883
0.488592   -0.857475

0   0
0.515685   -0.856778
0.492261   -0.857844

0   0
0.519101   -0.854713
0.496274   -0.858183

0   0
0.52251   -0.852633
0.500638   -0.858453

0   0
0.52591   -0.85054
0.505358   -0.858612

0   0
0.529301   -0.848434
0.510439   -0.858612

0   0
0.532685   -0.846314
0.515882   -0.858397

0   0
0.536059   -0.84418
0.521683   -0.857905

0   0
0.539425   -0.842033
0.52783   -0.857061

0   0
0.542783   -0.839873
0.534294   -0.855778

0   0
0.546132   -0.837699
0.541029   -0.853957

0   0
0.549472   -0.835512
0.547952   -0.851489

0   0
0.552804   -0.833312
0.554936   -0.848262

0   0
0.556126   -0.831098
0.561788   -0.844186

0   0
0.55944   -0.828871
0.568252   -0.839231

0   0
0.562745   -0.826631
0.574032   -0.833473

0   0
0.566041   -0.824377
0.57886   -0.82713

0   0
0.569328   -0.822111
0.582586   -0.820535

0   0
0.572605   -0.819831
0.585225   -0.814046

0   0
0.575874   -0.817539
0.586939   -0.807955

0   0
0.579133   -0.815233
0.587952   -0.802438

0   0
0.582384   -0.812914
0.588495   -0.797569

0   0
0.585625   -0.810582
0.58876   -0.793347

0   0
0.588856   -0.808238
0.5889   -0.789736

0   0
0.592078   -0.80588
0.589026   -0.78668

0   0
0.595291   -0.80351
0.589223   -0.78412

0   0
0.598495   -0.801127
0.589551   -0.781997

0   0
0.601688   -0.798731
0.590052   -0.780255

0   0
0.604872   -0.796322
0.590761   -0.778845

0   0
0.608047   -0.793901
0.591702   -0.777721

0   0
0.611212   -0.791467
0.592894   -0.776842

0   0
0.614367   -0.78902
0.594352   -0.77617

0   0
0.617512   -0.786561
0.596088   -0.77567

0   0
0.620648   -0.78409
0.598114   -0.775309

0   0
0.623773   -0.781605
0.600439   -0.775055

0   0
0.626889   -0.779109
0.603071   -0.774877

0   0
0.629994   -0.7766
0.60602   -0.774743

0   0
0.63309   -0.774078
0.609292   -0.774621

0   0
0.636176   -0.771544
0.612896   -0.774479

0   0
0.639251   -0.768998
0.616838   -0.77428

0   0
0.642316   -0.76644
0.621126   -0.773983

0   0
0.645371   -0.763869
0.625763   -0.773546

0   0
0.648416   -0.761287
0.630753   -0.772916

0   0
0.65145   -0.758692
0.636094   -0.772035

0   0
0.654474   -0.756085
0.641777   -0.770836

0   0
0.657487   -0.753466
0.647781   -0.769236

0   0
0.66049   -0.750835
0.654069   -0.767145

0   0
0.663483   -0.748192
0.660575   -0.764456

0   0
0.666465   -0.745537
0.667193   -0.76106

0   0
0.669436   -0.74287
0.67376   -0.756856

0   0
0.672397   -0.740191
0.680048   -0.751783

0   0
0.675346   -0.737501
0.685774   -0.745871

0   0
0.678286   -0.734798
0.690652   -0.739275

0   0
0.681214   -0.732084
0.694475   -0.732287

0   0
0.684131   -0.729359
0.697192   -0.725264

0   0
0.687038   -0.726622
0.698911   -0.718529

0   0
0.689933   -0.723873
0.699837   -0.712305

0   0
0.692818   -0.721112
0.700201   -0.706701

0   0
0.695692   -0.718341
0.700211   -0.701745

0   0
0.698554   -0.715557
0.700033   -0.697411

0   0
0.701405   -0.712763
0.699794   -0.693652

0   0
0.704245   -0.709957
0.699587   -0.690408

0   0
0.707074   -0.707139
0.699479   -0.687623

0   0
0.709892   -0.704311
0.69952   -0.685239

0   0
0.712698   -0.701471
0.699746   -0.683206

0   0
0.715493   -0.69862
0.700184   -0.681477

0   0
0.718277   -0.695757
0.700856   -0.680011

0   0
0.721049   -0.692884
0.701777   -0.67877

0   0
0.72381   -0.69
0.702961   -0.677718

0   0
0.726559   -0.687104
0.704419   -0.676823

0   0
0.729296   -0.684198
0.70616   -0.676052

0   0
0.732022   -0.681281
0.708194   -0.675377

0   0
0.734736   -0.678353
0.710528   -0.674768

0   0
0.737439   -0.675414
0.71317   -0.674194

0   0
0.74013   -0.672464
0.716128   -0.673625

0   0
0.742808   -0.669504
0.719409   -0.673028

0   0
0.745476   -0.666533
0.72302   -0.672367

0   0
0.748131   -0.663551
0.726967   -0.671605

0   0
0.750774   -0.660559
0.731254   -0.670697

0   0
0.753405   -0.657556
0.735884   -0.669593

0   0
0.756025   -0.654543
0.740855   -0.668235

0   0
0.758632   -0.651519
0.746157   -0.666555

0   0
0.761227   -0.648485
0.751769   -0.664475

0   0
0.76381   -0.645441
0.757653   -0.661901

0   0
0.766381   -0.642386
0.763742   -0.658731

0   0
0.76894   -0.639321
0.769929   -0.654857

0   0
0.771486   -0.636246
0.776049   -0.650179

0   0
0.77402   -0.633161
0.781876   -0.644644

0   0
0.776542   -0.630066
0.787129   -0.638282

0   0
0.779051   -0.62696
0.791525   -0.631256

0   0
0.781548   -0.623845
0.794867   -0.623858

0   0
0.784033   -0.620719
0.797111   -0.616442

0   0
0.786505   -0.617584
0.798369   -0.609324

0   0
0.788964   -0.614439
0.798847   -0.60272

0   0
0.791411   -0.611284
0.798774   -0.596735

0   0
0.793845   -0.60812
0.798352   -0.591391

0   0
0.796267   -0.604945
0.797746   -0.586663

0   0
0.798676   -0.601761
0.797077   -0.582502

0   0
0.801072   -0.598568
0.796437   -0.578852

0   0
0.803456   -0.595365
0.795891   -0.575654

0   0
0.805826   -0.592152
0.795489   -0.572854

0   0
0.808184   -0.58893
0.795264   -0.570403

0   0
0.810529   -0.585699
0.795244   -0.568255

0   0
0.812861   -0.582458
0.795449   -0.566369

0   0
0.81518   -0.579208
0.795895   -0.564708

0   0
0.817486   -0.575949
0.796593   -0.563237

0   0
0.819779   -0.57268
0.797556   -0.561926

0   0
0.822059   -0.569403
0.798792   -0.560743

0   0
0.824325   -0.566116
0.80031   -0.55966

0   0
0.826579   -0.56282
0.802116   -0.558648

0   0
0.82882   -0.559516
0.80422   -0.55768

0   0
0.831047   -0.556202
0.806628   -0.556725

0   0
0.833261   -0.55288
0.809347   -0.555753

0   0
0.835462   -0.549549
0.812385   -0.554732

0   0
0.837649   -0.546209
0.815746   -0.553625

0   0
0.839823   -0.54286
0.819437   -0.552392

0   0
0.841984   -0.539503
0.82346   -0.550987

0   0
0.844131   -0.536137
0.827815   -0.549358

0   0
0.846265   -0.532762
0.832497   -0.547443

0   0
0.848385   -0.529379
0.837491   -0.54517

0   0
0.850492   -0.525988
0.842768   -0.542456

0   0
0.852585   -0.522588
0.848278   -0.539204

0   0
0.854665   -0.51918
0.853937   -0.535309

0   0
0.856731   -0.515763
0.859612   -0.530668

0   0
0.858783   -0.512339
0.865112   -0.5252

0   0
0.860822   -0.508906
0.870184   -0.518887

0   0
0.862847   -0.505465
0.87454   -0.511822

0   0
0.864858   -0.502016
0.877932   -0.504231

0   0
0.866856   -0.498559
0.880235   -0.496444

0   0
0.868839   -0.495094
0.881484   -0.488805

0   0
0.870809   -0.491621
0.881846   -0.481582

0   0
0.872765   -0.488141
0.881543   -0.474933

0   0
0.874707   -0.484652
0.880792   -0.468916

0   0
0.876635   -0.481156
0.879776   -0.463529

0   0
0.878549   -0.477652
0.878636   -0.458733

0   0
0.880449   -0.474141
0.877477   -0.454473

0   0
0.882335   -0.470622
0.876376   -0.450693

0   0
0.884207   -0.467095
0.875389   -0.447337

0   0
0.886065   -0.463561
0.874556   -0.444354

0   0
0.887909   -0.46002
0.873908   -0.441696

0   0
0.889738   -0.456471
0.873468   -0.439321

0   0
0.891554   -0.452915
0.873252   -0.437191

0   0
0.893355   -0.449352
0.873275   -0.435271

0   0
0.895142   -0.445782
0.873548   -0.433529

0   0
0.896914   -0.442204
0.87408   -0.431935

0   0
0.898673   -0.43862
0.874879   -0.43046

0   0
0.900417   -0.435028
0.875954   -0.429077

0   0
0.902146   -0.43143
0.877312   -0.427758

0   0
0.903862   -0.427825
0.87896   -0.426477

0   0
0.905563   -0.424213
0.880904   -0.425205

0   0
0.907249   -0.420594
0.883151   -0.423912

0   0
0.908921   -0.416968
0.885707   -0.422567

0   0
0.910579   -0.413336
0.888579   -0.421134

0   0
0.912222   -0.409697
0.891771   -0.419574

0   0
0.91385   -0.406052
0.895286   -0.417844

0   0
0.915464   -0.4024
0.899123   -0.415891

0   0
0.917063   -0.398742
0.903278   -0.413657

0   0
0.918648   -0.395077
0.907734   -0.41107

0   0
0.920218   -0.391406
0.912466   -0.40805

0   0
0.921773   -0.387729
0.917422   -0.404503

0   0
0.923314   -0.384046
0.922523   -0.400328

0   0
0.92484   -0.380356
0.927641   -0.395422

0   0
0.926351   -0.376661
0.932592   -0.389705

0   0
0.927848   -0.372959
0.937129   -0.383157

0   0
0.929329   -0.369252
0.940972   -0.37586

0   0
0.930796   -0.365539
0.943871   -0.368029

0   0
0.932248   -0.361819
0.945693   -0.359984

0   0
0.933685   -0.358094
0.946463   -0.352067

0   0
0.935108   -0.354364
0.946337   -0.344549

0   0
0.936515   -0.350628
0.945533   -0.337594

0   0
0.937907   -0.346886
0.944268   -0.331267

0   0
0.939285   -0.343138
0.942724   -0.325566

0   0
0.940647   -0.339385
0.941046   -0.320457

0   0
0.941995   -0.335627
0.939338   -0.315886

0   0
0.943327   -0.331864
0.93768   -0.311797

0   0
0.944645   -0.328095
0.936126   -0.308135

0   0
0.945947   -0.32432
0.934719   -0.304848

0   0
0.947235   -0.320541
0.933489   -0.30189

0   0
0.948507   -0.316757
0.932458   -0.299219

0   0
0.949764   -0.312967
0.931644   -0.296797

0   0
0.951006   -0.309173
0.93106   -0.294589

0   0
0.952233   -0.305373
0.930718   -0.292564

0   0
0.953444   -0.301569
0.930626   -0.290692

0   0
0.954641   -0.29776
0.930793   -0.288946

0   0
0.955822   -0.293946
0.931227   -0.287299

0   0
0.956988   -0.290128
0.931933   -0.285724

0   0
0.958139   -0.286305
0.932918   -0.284196

0   0
0.959274   -0.282477
0.93419   -0.282688

0   0
0.960394   -0.278645
0.935754   -0.281171

0   0
0.961499   -0.274808
0.937617   -0.279617

0   0
0.962589   -0.270967
0.939783   -0.277994

0   0
0.963663   -0.267122
0.942259   -0.276264

0   0
0.964722   -0.263272
0.945048   -0.274388

0   0
0.965765   -0.259418
0.948151   -0.272321

0   0
0.966793   -0.25556
0.951565   -0.270008

0   0
0.967806   -0.251698
0.955281   -0.267387

0   0
0.968803   -0.247832
0.95928   -0.264386

0   0
0.969785   -0.243962
0.963525   -0.26092

0   0
0.970751   -0.240089
0.967958   -0.256895

0   0
0.971702   -0.236211
0.972481   -0.25221

0   0
0.972637   -0.23233
0.976949   -0.246772

0   0
0.973557   -0.228444
0.981155   -0.240521

0   0
0.974461   -0.224556
0.984843   -0.233471

0   0
0.97535   -0.220663
0.987739   -0.225754

0   0
0.976223   -0.216767
0.989635   -0.217626

0   0
0.977081   -0.212868
0.990455   -0.20942

0   0
0.977923   -0.208965
0.990278   -0.201454

0   0
0.97875   -0.205059
0.98929   -0.193958

0   0
0.97956   -0.20115
0.98771   -0.187054

0   0
0.980356   -0.197237
0.985741   -0.18078

0   0
0.981135   -0.193322
0.98355   -0.17512

0   0
0.981899   -0.189403
0.981264   -0.170029

0   0
0.982648   -0.185481
0.978978   -0.165455

0   0
0.983381   -0.181556
0.976758   -0.16134

0   0
0.984098   -0.177629
0.974656   -0.157633

0   0
0.984799   -0.173698
0.972708   -0.154283

0   0
0.985485   -0.169765
0.97094   -0.151247

0   0
0.986155   -0.165829
0.969373   -0.148485

0   0
0.986809   -0.161891
0.968022   -0.14596

0   0
0.987447   -0.157949
0.966899   -0.143641

0   0
0.98807   -0.154006
0.966015   -0.141495

0   0
0.988677   -0.15006
0.965377   -0.139497

0   0
0.989268   -0.146111
0.964994   -0.137618

0   0
0.989844   -0.14216
0.964871   -0.135833

0   0
0.990403   -0.138207
0.965016   -0.134118

0   0
0.990947   -0.134252
0.965434   -0.132447

0   0
0.991475   -0.130294
0.966132   -0.130793

0   0
0.991988   -0.126335
0.967116   -0.129131

0   0
0.992484   -0.122373
0.96839   -0.127432

0   0
0.992965   -0.11841
0.969961   -0.125663

0   0
0.99343   -0.114444
0.971834   -0.123792

0   0
0.993879   -0.110477
0.974011   -0.121779

0   0
0.994312   -0.106508
0.976493   -0.119579

0   0
0.994729   -0.102537
0.979278   -0.117142

0   0
0.995131   -0.0985651
0.982357   -0.114407

0   0
0.995516   -0.0945912
0.985712   -0.111306

0   0
0.995886   -0.0906158
0.989309   -0.107757

0   0
0.99624   -0.0866389
0.993094   -0.103672

0   0
0.996578   -0.0826607
0.996976   -0.0989511

0   0
0.9969   -0.0786812
1.00082   -0.0935043

0   0
0.997206   -0.0747004
1.00444   -0.0872671

0   0
0.997496   -0.0707184
1.00758   -0.0802403

0   0
0.997771   -0.0667353
1.00998   -0.0725311

0   0
0.998029   -0.0627512
1.01143   -0.0643709

0   0
0.998272   -0.058766
1.01181   -0.0560779

0   0
0.998498   -0.0547799
1.01119   -0.0479724

0   0
0.998709   -0.0507929
1.00972   -0.0402987

0   0
0.998904   -0.0468051
1.00763   -0.0331967

0   0
0.999083   -0.0428166
1.00511   -0.0267176

0   0
0.999246   -0.0388273
1.00234   -0.0208539

0   0
0.999393   -0.0348375
0.999448   -0.015567

0   0
0.999524   -0.0308471
0.99654   -0.0108049

0   0
0.999639   -0.0268562
0.993684   -0.00651265

0   0
0.999739   -0.0228649
0.990932   -0.00263697

0   0
0.999822   -0.0188732
0.988324   0.00087134

0   0
0.999889   -0.0148813
0.985887   0.00405692

0   0
0.999941   -0.010889
0.983642   0.00696

0   0
0.999976   -0.00689665
0.981605   0.00961684

0   0
0.999996   -0.00290415
0.97979   0.0120603

0   0
0.999999   0.00108839
0.978205   0.0143205

0   0
0.999987   0.00508092
0.97686   0.0164254

0   0
0.999959   0.00907337
0.975761   0.0184013

0   0
0.999915   0.0130657
0.974915   0.0202731

0   0
0.999855   0.0170578
0.974329   0.0220655

0   0
0.999778   0.0210496
0.974009   0.0238026

0   0
0.999686   0.0250411
0.973959   0.0255091

0   0
0.999578   0.0290322
0.974185   0.0272104

0   0
0.999455   0.0330228
0.974694   0.0289334

0   0
0.999315   0.0370129
0.97549   0.0307067

0   0
0.999159   0.0410024
0.976578   0.032562

0   0
0.998987   0.0449913
0.977962   0.0345345

0   0
0.9988   0.0489794
0.979644   0.0366639

0   0
0.998596   0.0529667
0.981623   0.0389958

0   0
0.998377   0.0569533
0.983894   0.0415829

0   0
0.998142   0.0609389
0.986445   0.0444865

0   0
0.99789   0.0649235
0.989254   0.0477775

0   0
0.997623   0.0689071
0.99228   0.0515374

0   0
0.99734   0.0728896
0.995459   0.0558562

0   0
0.997041   0.0768709
0.998691   0.0608272

0   0
0.996726   0.080851
1.00183   0.0665329

0   0
0.996395   0.0848299
1.00467   0.0730189

0   0
0.996049   0.0888073
1.00696   0.0802564

0   0
0.995686   0.0927834
1.00845   0.0881054

0   0
0.995308   0.096758
1.00895   0.0963114

0   0
0.994914   0.100731
1.00842   0.104556

0   0
0.994504   0.104702
1.00692   0.112541

0   0
0.994078   0.108672
1.00465   0.120053

0   0
0.993636   0.11264
1.00181   0.12698

0   0
0.993178   0.116606
0.99859   0.133287

0   0
0.992705   0.120571
0.995157   0.138991

0   0
0.992215   0.124533
0.99163   0.144133

0   0
0.99171   0.128494
0.988101   0.148766

0   0
0.991189   0.132452
0.984635   0.152944

0   0
0.990653   0.136408
0.98128   0.156718

0   0
0.9901   0.140363
0.978072   0.160135

0   0
0.989532   0.144315
0.975037   0.163239

0   0
0.988948   0.148264
0.972194   0.166067

0   0
0.988348   0.152211
0.969558   0.168656

0   0
0.987732   0.156156
0.967141   0.171036

0   0
0.987101   0.160098
0.964953   0.173236

0   0
0.986454   0.164038
0.963   0.175285

0   0
0.985791   0.167975
0.961291   0.177206

0   0
0.985113   0.17191
0.959831   0.179024

0   0
0.984418   0.175842
0.958627   0.180763

0   0
0.983709   0.17977
0.957683   0.182447

0   0
0.982983   0.183697
0.957005   0.184099

0   0
0.982242   0.18762
0.956599   0.185744

0   0
0.981485   0.19154
0.956469   0.187408

0   0
0.980712   0.195457
0.956621   0.189118

0   0
0.979924   0.199371
0.957059   0.190906

0   0
0.97912   0.203282
0.957786   0.192805

0   0
0.978301   0.207189
0.958805   0.194852

0   0
0.977466   0.211094
0.960115   0.197092

0   0
0.976615   0.214994
0.961711   0.199575

0   0
0.975749   0.218892
0.963583   0.202359

0   0
0.974867   0.222786
0.965709   0.20551

0   0
0.97397   0.226676
0.968055   0.209107

0   0
0.973057   0.230563
0.970561   0.213233

0   0
0.972129   0.234446
0.973138   0.21798

0   0
0.971185   0.238326
0.975652   0.22343

0   0
0.970226   0.242201
0.977918   0.229636

0   0
0.969251   0.246073
0.979705   0.23659

0   0
0.968261   0.249941
0.980764   0.244183

0   0
0.967256   0.253805
0.980893   0.252195

0   0
0.966234   0.257664
0.98   0.260327

0   0
0.965198   0.26152
0.978132   0.268277

0   0
0.964146   0.265372
0.975441   0.275812

0   0
0.963079   0.269219
0.972128   0.282792

0   0
0.961996   0.273062
0.968389   0.289164

0   0
0.960899   0.2769
0.964391   0.294931

0   0
0.959785   0.280735
0.960264   0.300126

0   0
0.958657   0.284564
0.956106   0.304799

0   0
0.957513   0.28839
0.951991   0.309002

0   0
0.956354   0.29221
0.947969   0.312786

0   0
0.95518   0.296026
0.944081   0.316199

0   0
0.95399   0.299837
0.940354   0.319284

0   0
0.952786   0.303644
0.936809   0.322081

0   0
0.951566   0.307445
0.933464   0.324626

0   0
0.950331   0.311242
0.93033   0.326949

0   0
0.94908   0.315034
0.927418   0.329081

0   0
0.947815   0.318821
0.924735   0.331049

0   0
0.946535   0.322602
0.922289   0.332878

0   0
0.945239   0.326379
0.920086   0.334592

0   0
0.943928   0.33015
0.918132   0.336215

0   0
0.942603   0.333916
0.916432   0.337769

0   0
0.941262   0.337677
0.914991   0.339276

0   0
0.939906   0.341432
0.913815   0.340762

0   0
0.938536   0.345182
0.912909   0.34225

0   0
0.93715   0.348926
0.912276   0.343765

0   0
0.93575   0.352665
0.911923   0.345337

0   0
0.934334   0.356399
0.911853   0.346995

0   0
0.932904   0.360126
0.912069   0.348774

0   0
0.931458   0.363848
0.912571   0.350713

0   0
0.929998   0.367564
0.913358   0.352857

0   0
0.928523   0.371274
0.914423   0.355256

0   0
0.927034   0.374978
0.915753   0.35797

0   0
0.925529   0.378676
0.917322   0.361067

0   0
0.92401   0.382369
0.919091   0.364623

0   0
0.922476   0.386055
0.920994   0.368724

0   0
0.920927   0.389735
0.922932   0.373454

0   0
0.919364   0.393408
0.924763   0.378889

0   0
0.917786   0.397076
0.926297   0.385066

0   0
0.916193   0.400737
0.927302   0.391956

0   0
0.914586   0.404392
0.927545   0.399429

0   0
0.912964   0.40804
0.926847   0.407253

0   0
0.911328   0.411682
0.925147   0.415132

0   0
0.909677   0.415317
0.922513   0.422783

0   0
0.908011   0.418946
0.919104   0.429995

0   0
0.906331   0.422568
0.915116   0.436648

0   0
0.904637   0.426183
0.910735   0.4427

0   0
0.902928   0.429791
0.906118   0.448157

0   0
0.901205   0.433393
0.901387   0.453056

0   0
0.899468   0.436987
0.896635   0.457444

0   0
0.897716   0.440575
0.891929   0.461371

0   0
0.89595   0.444156
0.887321   0.464888

0   0
0.894169   0.447729
0.882845   0.46804

0   0
0.892374   0.451296
0.878531   0.470869

0   0
0.890566   0.454855
0.874398   0.473414

0   0
0.888742   0.458407
0.870462   0.475708

0   0
0.886905   0.461952
0.866735   0.477783

0   0
0.885054   0.465489
0.863227   0.479668

0   0
0.883188   0.469019
0.859945   0.481387

0   0
0.881309   0.472541
0.856898   0.482968

0   0
0.879415   0.476056
0.85409   0.484431

0   0
0.877507   0.479563
0.851528   0.485801

0   0
0.875586   0.483063
0.849217   0.487099

0   0
0.87365   0.486555
0.847161   0.488348

0   0
0.8717   0.490039
0.845367   0.489571

0   0
0.869737   0.493516
0.843838   0.490791

0   0
0.86776   0.496984
0.842581   0.492033

0   0
0.865768   0.500445
0.841598   0.493324

0   0
0.863764   0.503897
0.840894   0.494694

0   0
0.861745   0.507342
0.840472   0.496175

0   0
0.859712   0.510779
0.840334   0.497806

0   0
0.857666   0.514207
0.840477   0.499627

0   0
0.855606   0.517627
0.840895   0.501689

0   0
0.853533   0.521039
0.841579   0.504046

0   0
0.851446   0.524443
0.842504   0.506762

0   0
0.849345   0.527838
0.843636   0.509912

0   0
0.847231   0.531225
0.844916   0.513575

0   0
0.845103   0.534603
0.846258   0.517834

0   0
0.842962   0.537973
0.847536   0.522766

0   0
0.840808   0.541334
0.848575   0.528418

0   0
0.83864   0.544687
0.849163   0.534783

0   0
0.836458   0.548031
0.849069   0.541766

0   0
0.834263   0.551366
0.848099   0.549169

0   0
0.832055   0.554692
0.846155   0.55672

0   0
0.829834   0.55801
0.843262   0.564135

0   0
0.8276   0.561319
0.839549   0.571182

0   0
0.825352   0.564618
0.835197   0.577714

0   0
0.823091   0.567909
0.830393   0.583663

0   0
0.820817   0.571191
0.8253   0.589021

0   0
0.81853   0.574463
0.820051   0.593812

